0.00000e+00 1.26626e-26 3.77005e-26
2.44141e-04 8.35427e-27 -5.76644e-27
4.88281e-04 -6.62507e-27 -9.78858e-27
7.32422e-04 1.17427e-26 -3.77769e-27
9.76562e-04 -9.49570e-27 -3.14104e-27
1.22070e-03 -4.94593e-27 -1.66537e-27
1.46484e-03 -2.62435e-26 2.02058e-26
1.70898e-03 -3.43636e-27 2.64329e-27
1.95312e-03 -7.75797e-28 4.06595e-27
2.19727e-03 -5.79596e-28 -2.35867e-28
2.44141e-03 2.99007e-27 -2.03701e-27
2.68555e-03 1.52211e-26 -5.69474e-27
2.92969e-03 7.12555e-27 3.95681e-26
3.17383e-03 -6.03770e-27 1.36651e-26
3.41797e-03 -8.62922e-26 -2.83351e-26
3.66211e-03 -1.82036e-26 -5.09709e-26
3.90625e-03 2.74310e-26 -1.83475e-26
4.15039e-03 6.48246e-27 2.14757e-26
4.39453e-03 -2.62947e-26 4.59573e-26
4.63867e-03 -3.52665e-30 -5.79102e-26
4.88281e-03 -2.98301e-26 1.24212e-25
5.12695e-03 1.01737e-25 -1.10341e-25
5.37109e-03 -1.24040e-25 -1.83486e-25
5.61523e-03 -5.37960e-27 -3.03741e-26
5.85938e-03 2.77169e-25 1.01941e-25
6.10352e-03 -1.50813e-25 2.18845e-25
6.34766e-03 -1.32778e-25 -1.83579e-25
6.59180e-03 4.77177e-26 1.55332e-25
6.83594e-03 -5.06530e-26 5.70406e-26
7.08008e-03 3.40414e-26 -1.19729e-25
7.32422e-03 -1.83102e-26 -1.00644e-25
7.56836e-03 6.70231e-26 -2.82494e-26
7.81250e-03 5.02726e-26 1.22576e-26
8.05664e-03 -1.57698e-26 -3.75989e-26
8.30078e-03 7.52686e-27 -3.82711e-26
8.54492e-03 3.89505e-26 -2.76579e-26
8.78906e-03 -3.53711e-26 2.65861e-26
9.03320e-03 -3.99056e-26 5.40137e-26
9.27734e-03 -6.25640e-27 1.04967e-25
9.52148e-03 1.10970e-25 -5.34433e-26
9.76562e-03 -7.55917e-26 3.59453e-26
1.00098e-02 1.94004e-26 -1.78130e-25
1.02539e-02 4.16929e-26 2.93526e-26
1.04980e-02 6.83062e-26 -1.98728e-26
1.07422e-02 2.10897e-26 -7.94724e-26
1.09863e-02 -2.16000e-26 -4.61180e-28
1.12305e-02 -5.84828e-26 3.32354e-26
1.14746e-02 -5.64520e-27 9.82448e-26
1.17188e-02 -4.57426e-26 1.08221e-25
1.19629e-02 -9.35805e-26 2.23226e-25
1.22070e-02 -3.31226e-26 3.01705e-25
1.24512e-02 -2.05966e-25 4.56209e-25
1.26953e-02 -2.71365e-25 7.42833e-25
1.29395e-02 -1.14505e-25 1.06622e-24
1.31836e-02 -3.48115e-25 1.69262e-24
1.34277e-02 -3.94521e-25 1.95013e-24
1.36719e-02 6.83815e-25 1.06031e-24
1.39160e-02 -3.96590e-24 5.36256e-26
1.41602e-02 -3.90345e-24 5.30328e-24
1.44043e-02 6.56949e-24 1.50447e-24
1.46484e-02 1.79836e-23 -2.30940e-24
1.48926e-02 2.23344e-23 1.46630e-24
1.51367e-02 1.91797e-23 3.39156e-24
1.53809e-02 1.25122e-23 6.85320e-24
1.56250e-02 3.57801e-24 1.47539e-23
1.58691e-02 -3.42659e-24 2.36712e-23
1.61133e-02 -6.98459e-24 2.98892e-23
1.63574e-02 -1.14958e-23 2.90296e-23
1.66016e-02 -1.45344e-23 2.68371e-23
1.68457e-02 -6.09383e-24 1.93255e-23
1.70898e-02 -6.61455e-25 2.95253e-23
1.73340e-02 -7.88842e-25 3.84057e-23
1.75781e-02 1.35715e-23 4.65842e-23
1.78223e-02 1.96473e-23 5.04365e-23
1.80664e-02 1.79039e-23 3.92226e-23
1.83105e-02 9.40606e-24 2.90995e-23
1.85547e-02 9.03825e-24 4.56159e-23
1.87988e-02 2.12779e-23 5.59591e-23
1.90430e-02 1.44643e-23 4.53960e-23
1.92871e-02 -8.62647e-25 6.93729e-24
1.95312e-02 1.78830e-23 2.38962e-23
1.97754e-02 5.37901e-23 -3.87242e-24
2.00195e-02 5.84918e-23 -2.19898e-23
2.02637e-02 3.40024e-23 -6.86354e-23
2.05078e-02 -6.94138e-23 -1.18275e-22
2.07520e-02 -1.43362e-22 -1.33099e-22
2.09961e-02 -1.29899e-22 -1.00817e-22
2.12402e-02 -1.19177e-22 -1.47636e-22
2.14844e-02 -2.52917e-23 -1.31767e-22
2.17285e-02 2.08778e-23 -1.37903e-22
2.19727e-02 -4.20379e-23 -2.03155e-22
2.22168e-02 -8.24028e-23 -1.53704e-22
2.24609e-02 -6.34720e-23 -3.68851e-23
2.27051e-02 5.36070e-23 3.27820e-23
2.29492e-02 9.44880e-23 1.02001e-23
2.31934e-02 1.79967e-23 -4.50810e-23
2.34375e-02 -6.12207e-23 -9.51315e-23
2.36816e-02 -5.31433e-23 -7.46313e-23
2.39258e-02 -2.10473e-23 9.78818e-24
2.41699e-02 1.73740e-23 8.00158e-23
2.44141e-02 5.43590e-23 2.80993e-23
2.46582e-02 4.85055e-23 -2.25369e-23
2.49023e-02 3.10968e-24 -2.32528e-23
2.51465e-02 5.93833e-24 1.16427e-23
2.53906e-02 4.97884e-23 6.38977e-23
2.56348e-02 9.75772e-23 1.10817e-22
2.58789e-02 8.84206e-23 8.47985e-23
2.61230e-02 4.60629e-23 4.86512e-23
2.63672e-02 1.77665e-23 3.92169e-23
2.66113e-02 1.44648e-23 7.49944e-23
2.68555e-02 2.87627e-23 9.79010e-23
2.70996e-02 4.02908e-23 1.07724e-22
2.73438e-02 1.89798e-23 1.18937e-22
2.75879e-02 -1.51272e-23 1.18633e-22
2.78320e-02 -3.72026e-23 1.16611e-22
2.80762e-02 -2.05279e-23 1.15290e-22
2.83203e-02 1.28372e-23 1.35717e-22
2.85645e-02 2.96357e-23 1.38797e-22
2.88086e-02 3.03794e-23 1.00840e-22
2.90527e-02 1.61553e-23 5.05882e-23
2.92969e-02 1.36630e-23 6.68153e-23
2.95410e-02 1.12248e-23 1.20772e-22
2.97852e-02 3.54007e-24 1.40633e-22
3.00293e-02 1.82378e-23 1.25071e-22
3.02734e-02 1.29778e-23 1.02825e-22
3.05176e-02 -5.61058e-23 4.63033e-23
3.07617e-02 -8.47799e-23 -2.49142e-23
3.10059e-02 -1.04750e-23 -3.84908e-23
3.12500e-02 1.20303e-23 -9.92296e-23
3.14941e-02 -2.48743e-24 -2.31558e-22
3.17383e-02 -1.19417e-23 -3.05072e-22
3.19824e-02 -2.76182e-23 -2.89770e-22
3.22266e-02 -2.52781e-23 -2.50746e-22
3.24707e-02 -7.58216e-24 -2.11440e-22
3.27148e-02 -7.61488e-24 -1.82862e-22
3.29590e-02 -2.15670e-23 -1.57002e-22
3.32031e-02 -2.95989e-23 -1.19440e-22
3.34473e-02 -2.51414e-23 -7.21130e-23
3.36914e-02 -7.38662e-24 -3.51194e-23
3.39355e-02 4.37395e-24 -2.51198e-23
3.41797e-02 -1.02959e-23 -2.19150e-23
3.44238e-02 -3.93978e-23 -6.76149e-24
3.46680e-02 -5.61906e-23 1.66893e-23
3.49121e-02 -4.39197e-23 3.20793e-23
3.51562e-02 -2.18020e-23 2.03223e-23
3.54004e-02 -1.85195e-23 3.07514e-25
3.56445e-02 -2.60044e-23 -1.68345e-23
3.58887e-02 -3.75322e-23 -2.16870e-23
3.61328e-02 -3.52500e-23 -1.96362e-23
3.63770e-02 -2.45783e-23 -6.57949e-24
3.66211e-02 -1.07504e-23 8.44698e-25
3.68652e-02 -3.34276e-24 5.34059e-24
3.71094e-02 -1.32969e-24 2.49145e-23
3.73535e-02 1.97887e-23 5.35969e-23
3.75977e-02 4.75604e-23 9.86055e-23
3.78418e-02 6.81049e-23 1.05675e-22
3.80859e-02 6.67450e-23 7.31865e-23
3.83301e-02 5.05119e-23 5.65372e-23
3.85742e-02 2.92438e-23 7.46397e-23
3.88184e-02 7.91119e-24 1.01774e-22
3.90625e-02 1.23340e-23 8.85298e-23
3.93066e-02 1.32129e-23 8.31115e-23
3.95508e-02 -1.06948e-23 1.01732e-22
3.97949e-02 -8.54467e-24 1.03592e-22
4.00391e-02 6.76929e-24 6.30237e-23
4.02832e-02 2.52122e-24 5.73605e-23
4.05273e-02 1.21440e-23 6.20113e-23
4.07715e-02 2.32240e-23 4.58419e-23
4.10156e-02 3.03179e-23 3.69677e-23
4.12598e-02 3.44129e-23 1.06519e-23
4.15039e-02 2.26988e-23 3.36650e-24
4.17480e-02 1.44101e-23 -1.10212e-23
4.19922e-02 2.20295e-23 -3.01534e-23
4.22363e-02 3.01280e-23 -2.73482e-23
4.24805e-02 5.86965e-24 7.95523e-24
4.27246e-02 -7.89936e-24 2.62134e-23
4.29688e-02 -2.11007e-25 4.02608e-23
4.32129e-02 1.89621e-23 3.59778e-23
4.34570e-02 3.74326e-23 2.41867e-23
4.37012e-02 5.65658e-23 1.21837e-23
4.39453e-02 6.18053e-23 -1.38861e-24
4.41895e-02 5.77494e-23 -3.82211e-23
4.44336e-02 5.39928e-23 -6.98670e-23
4.46777e-02 4.80537e-23 -9.36629e-23
4.49219e-02 3.96530e-23 -1.26256e-22
4.51660e-02 2.27523e-23 -1.38855e-22
4.54102e-02 -1.97555e-23 -1.58741e-22
4.56543e-02 -5.45963e-23 -1.63133e-22
4.58984e-02 -6.98104e-23 -1.56273e-22
4.61426e-02 -6.33443e-23 -1.54143e-22
4.63867e-02 -5.67208e-23 -1.46706e-22
4.66309e-02 -7.39864e-23 -1.06484e-22
4.68750e-02 -9.78587e-23 -5.26012e-23
4.71191e-02 -9.50083e-23 -2.68547e-23
4.73633e-02 -6.81529e-23 -1.47977e-23
4.76074e-02 -3.93445e-23 1.11242e-23
4.78516e-02 -4.36488e-23 4.39997e-23
4.80957e-02 -6.50145e-23 7.46060e-23
4.83398e-02 -7.80078e-23 9.32948e-23
4.85840e-02 -8.25643e-23 9.27340e-23
4.88281e-02 -8.23474e-23 9.20397e-23
4.90723e-02 -6.81830e-23 9.59932e-23
4.93164e-02 -5.12058e-23 9.40297e-23
4.95605e-02 -3.81376e-23 8.64448e-23
4.98047e-02 -3.14065e-23 6.73228e-23
5.00488e-02 -1.37202e-23 4.72316e-23
5.02930e-02 2.33236e-23 4.44268e-23
5.05371e-02 5.15454e-23 4.06233e-23
5.07812e-02 5.43859e-23 2.45737e-23
5.10254e-02 4.74630e-23 1.31614e-23
5.12695e-02 4.86617e-23 1.30417e-23
5.15137e-02 6.31245e-23 3.49237e-23
5.17578e-02 7.67226e-23 6.09284e-23
5.20020e-02 7.17751e-23 7.57494e-23
5.22461e-02 4.23475e-23 7.40893e-23
5.24902e-02 2.08380e-23 6.62845e-23
5.27344e-02 3.95370e-23 6.67388e-23
5.29785e-02 7.23673e-23 6.34959e-23
5.32227e-02 9.30950e-23 5.47042e-23
5.34668e-02 8.30656e-23 2.88780e-23
5.37109e-02 5.49300e-23 -1.62487e-24
5.39551e-02 3.70282e-23 -4.06619e-23
5.41992e-02 5.01423e-23 -7.07293e-23
5.44434e-02 8.94143e-23 -8.28890e-23
5.46875e-02 1.16594e-22 -7.98998e-23
5.49316e-02 9.74760e-23 -7.12394e-23
5.51758e-02 4.78305e-23 -8.33689e-23
5.54199e-02 1.42523e-23 -9.67220e-23
5.56641e-02 7.68616e-24 -1.01322e-22
5.59082e-02 9.03665e-24 -9.05321e-23
5.61523e-02 -1.36525e-23 -6.42972e-23
5.63965e-02 -5.63282e-23 -4.54954e-23
5.66406e-02 -9.18403e-23 -4.70096e-23
5.68848e-02 -1.03951e-22 -4.20634e-23
5.71289e-02 -9.94011e-23 -1.92178e-23
5.73730e-02 -7.39031e-23 -9.29176e-24
5.76172e-02 -5.02450e-23 -1.05283e-23
5.78613e-02 -5.88689e-23 -1.07241e-23
5.81055e-02 -8.42616e-23 -7.89474e-24
5.83496e-02 -1.03504e-22 -1.14169e-23
5.85938e-02 -9.22409e-23 -2.14871e-23
5.88379e-02 -6.21858e-23 -2.19847e-23
5.90820e-02 -4.17898e-23 -1.02230e-23
5.93262e-02 -3.87679e-23 -2.40357e-24
5.95703e-02 -4.60311e-23 1.45871e-24
5.98145e-02 -4.44935e-23 1.09516e-23
6.00586e-02 -1.94159e-23 2.88001e-23
6.03027e-02 1.75107e-23 3.80283e-23
6.05469e-02 3.53631e-23 4.96525e-23
6.07910e-02 3.46082e-23 5.17137e-23
6.10352e-02 3.37541e-23 3.92319e-23
6.12793e-02 3.18396e-23 2.68082e-23
6.15234e-02 3.47227e-23 2.91686e-23
6.17676e-02 3.94094e-23 2.27086e-23
6.20117e-02 5.25780e-23 1.11738e-23
6.22559e-02 5.02820e-23 6.36769e-24
6.25000e-02 2.01078e-23 -4.59140e-24
6.27441e-02 6.23194e-24 7.21171e-24
6.29883e-02 1.93146e-23 3.73272e-23
6.32324e-02 4.01724e-23 9.41374e-23
6.34766e-02 4.08879e-23 1.24644e-22
6.37207e-02 2.90024e-23 1.31085e-22
6.39648e-02 9.92406e-24 1.27996e-22
6.42090e-02 3.26312e-24 1.28506e-22
6.44531e-02 1.41562e-23 1.18192e-22
6.46973e-02 1.77908e-23 8.95714e-23
6.49414e-02 1.50683e-23 3.79342e-23
6.51855e-02 1.24595e-23 -3.10844e-23
6.54297e-02 6.01927e-24 -9.55276e-23
6.56738e-02 -6.05357e-24 -1.25881e-22
6.59180e-02 -1.12455e-23 -1.16155e-22
6.61621e-02 -2.12081e-24 -1.09754e-22
6.64062e-02 1.64215e-23 -1.20301e-22
6.66504e-02 2.02475e-23 -1.21745e-22
6.68945e-02 -4.40025e-24 -1.12613e-22
6.71387e-02 -2.17905e-23 -9.03541e-23
6.73828e-02 -7.23212e-24 -7.48825e-23
6.76270e-02 1.11029e-23 -7.04868e-23
6.78711e-02 2.17687e-24 -5.41927e-23
6.81152e-02 -4.25776e-23 -2.46724e-23
6.83594e-02 -8.23708e-23 -1.14824e-23
6.86035e-02 -8.29153e-23 -1.36512e-23
6.88477e-02 -4.98484e-23 -3.32034e-24
6.90918e-02 -3.11522e-23 1.18345e-23
6.93359e-02 -3.53425e-23 1.17241e-23
6.95801e-02 -3.64394e-23 -5.80719e-25
6.98242e-02 -1.96454e-23 -2.39763e-23
7.00684e-02 7.19121e-24 -3.09522e-23
7.03125e-02 3.32399e-23 -7.45698e-25
7.05566e-02 4.60902e-23 3.79688e-23
7.08008e-02 4.89863e-23 5.06887e-23
7.10449e-02 4.49272e-23 5.67506e-23
7.12891e-02 3.08459e-23 6.51372e-23
7.15332e-02 3.48863e-23 6.98915e-23
7.17773e-02 5.70252e-23 7.60521e-23
7.20215e-02 5.03967e-23 6.20349e-23
7.22656e-02 3.14462e-24 3.83177e-23
7.25098e-02 -4.16747e-23 3.16657e-23
7.27539e-02 -7.32434e-23 2.02585e-23
7.29980e-02 -7.88380e-23 5.36196e-24
7.32422e-02 -4.04775e-23 4.26718e-24
7.34863e-02 -3.99000e-24 5.57593e-24
7.37305e-02 3.83048e-24 -3.14397e-24
7.39746e-02 7.19112e-26 -1.58532e-23
7.42188e-02 1.40207e-23 -9.75892e-24
7.44629e-02 4.25892e-23 3.63800e-24
7.47070e-02 7.92208e-23 1.05891e-23
7.49512e-02 1.06966e-22 -5.76305e-24
7.51953e-02 9.50209e-23 -2.44801e-23
7.54395e-02 6.27558e-23 -3.20126e-23
7.56836e-02 3.86041e-23 -3.66199e-23
7.59277e-02 3.29233e-23 -3.79909e-23
7.61719e-02 1.53851e-23 -2.54734e-23
7.64160e-02 -2.43143e-23 -2.74988e-24
7.66602e-02 -5.82692e-23 2.21867e-23
7.69043e-02 -8.56974e-23 3.63562e-23
7.71484e-02 -8.11565e-23 3.31872e-23
7.73926e-02 -4.57689e-23 3.00165e-23
7.76367e-02 -2.84042e-23 3.92023e-23
7.78809e-02 -3.25550e-23 3.26966e-23
7.81250e-02 -4.75021e-23 1.70597e-23
7.83691e-02 -6.66926e-23 7.67779e-24
7.86133e-02 -5.72494e-23 1.20919e-23
7.88574e-02 -2.51006e-23 1.40124e-23
7.91016e-02 6.83805e-24 8.47922e-24
7.93457e-02 2.13156e-23 -7.39464e-24
7.95898e-02 3.10342e-23 -3.31095e-23
7.98340e-02 3.31452e-23 -4.80292e-23
8.00781e-02 4.64518e-23 -5.16510e-23
8.03223e-02 5.43816e-23 -4.81628e-23
8.05664e-02 3.45633e-23 -4.78682e-23
8.08105e-02 -1.04365e-23 -6.36412e-23
8.10547e-02 -5.26566e-23 -7.72201e-23
8.12988e-02 -5.97568e-23 -7.29296e-23
8.15430e-02 -3.94597e-23 -5.67373e-23
8.17871e-02 -2.91284e-23 -2.64694e-23
8.20312e-02 -3.52017e-23 1.36655e-23
8.22754e-02 -1.85938e-23 4.96236e-23
8.25195e-02 2.17737e-23 6.00115e-23
8.27637e-02 6.48372e-23 6.34406e-23
8.30078e-02 9.87789e-23 7.29502e-23
8.32520e-02 9.91641e-23 7.28102e-23
8.34961e-02 7.20965e-23 4.70054e-23
8.37402e-02 3.56000e-23 4.52504e-24
8.39844e-02 5.78309e-24 -3.00195e-23
8.42285e-02 -5.36834e-24 -5.34174e-23
8.44727e-02 -1.17046e-23 -5.11213e-23
8.47168e-02 -2.91081e-23 -2.07051e-23
8.49609e-02 -5.53507e-23 -4.03486e-24
8.52051e-02 -6.27336e-23 -2.45960e-24
8.54492e-02 -4.02041e-23 7.92770e-24
8.56934e-02 -3.56540e-24 3.45517e-23
8.59375e-02 1.05655e-24 7.77447e-23
8.61816e-02 -1.54911e-23 1.11668e-22
8.64258e-02 -1.47717e-23 1.14913e-22
8.66699e-02 7.24767e-24 9.92983e-23
8.69141e-02 5.07682e-23 7.30963e-23
8.71582e-02 7.46208e-23 5.51514e-23
8.74023e-02 4.58691e-23 2.31181e-23
8.76465e-02 -1.18914e-23 -2.80419e-23
8.78906e-02 -5.18327e-23 -7.07256e-23
8.81348e-02 -5.85960e-23 -1.06147e-22
8.83789e-02 -5.48603e-23 -1.37555e-22
8.86230e-02 -5.17708e-23 -1.42976e-22
8.88672e-02 -6.03801e-23 -1.19825e-22
8.91113e-02 -7.99908e-23 -9.05348e-23
8.93555e-02 -5.13319e-23 -5.07371e-23
8.95996e-02 1.11486e-23 -8.06963e-24
8.98438e-02 6.11533e-23 2.25686e-23
9.00879e-02 7.71727e-23 4.73555e-23
9.03320e-02 6.26049e-23 6.87769e-23
9.05762e-02 4.70711e-23 8.51107e-23
9.08203e-02 4.91802e-23 7.88973e-23
9.10645e-02 6.54416e-23 6.51582e-23
9.13086e-02 6.04769e-23 3.94260e-23
9.15527e-02 3.85375e-23 4.49948e-25
9.17969e-02 1.51470e-24 -5.83438e-23
9.20410e-02 -1.91279e-23 -1.06449e-22
9.22852e-02 -1.64622e-23 -1.08924e-22
9.25293e-02 -1.65639e-23 -8.79556e-23
9.27734e-02 -2.07408e-23 -5.33410e-23
9.30176e-02 -1.03870e-23 -3.41091e-23
9.32617e-02 -3.83509e-24 -1.19548e-23
9.35059e-02 -2.30863e-23 5.40304e-23
9.37500e-02 -5.39258e-23 1.26030e-22
9.39941e-02 -7.34098e-23 1.48756e-22
9.42383e-02 -3.86282e-23 1.18453e-22
9.44824e-02 2.26340e-23 7.13482e-23
9.47266e-02 5.19941e-23 5.29075e-23
9.49707e-02 4.91567e-23 2.31120e-23
9.52148e-02 4.85345e-23 -1.14208e-23
9.54590e-02 2.35056e-23 -3.65122e-23
9.57031e-02 -8.87800e-24 -7.62745e-23
9.59473e-02 -2.30334e-23 -1.07541e-22
9.61914e-02 -4.53066e-23 -8.86724e-23
9.64355e-02 -7.89365e-23 -4.21300e-23
9.66797e-02 -1.02571e-22 -3.60519e-25
9.69238e-02 -9.60131e-23 3.27734e-23
9.71680e-02 -5.21379e-23 5.61268e-23
9.74121e-02 1.71110e-23 6.60258e-23
9.76562e-02 7.27176e-23 6.50609e-23
9.79004e-02 8.33421e-23 5.19923e-23
9.81445e-02 5.30986e-23 2.35194e-23
9.83887e-02 3.59836e-23 -8.53532e-24
9.86328e-02 3.80564e-23 -2.56148e-23
9.88770e-02 4.47102e-23 -4.46636e-23
9.91211e-02 3.11306e-23 -5.86322e-23
9.93652e-02 -1.35602e-24 -6.44040e-23
9.96094e-02 -3.14520e-23 -6.45778e-23
9.98535e-02 -3.89026e-23 -5.24943e-23
1.00098e-01 -1.87105e-23 -2.28958e-23
1.00342e-01 -2.46204e-24 8.12020e-25
1.00586e-01 -1.00051e-23 2.56983e-23
1.00830e-01 -2.20418e-23 4.49534e-23
1.01074e-01 -1.76983e-23 7.08807e-23
1.01318e-01 -2.17171e-24 9.56768e-23
1.01562e-01 2.67029e-23 7.91838e-23
1.01807e-01 3.68317e-23 2.89729e-23
1.02051e-01 2.21988e-23 -3.24726e-23
1.02295e-01 1.29778e-23 -9.39606e-23
1.02539e-01 1.14653e-23 -1.24191e-22
1.02783e-01 -8.50453e-24 -1.15055e-22
1.03027e-01 -3.29939e-23 -9.27918e-23
1.03271e-01 -3.89008e-23 -6.77976e-23
1.03516e-01 9.30755e-25 -1.20689e-23
1.03760e-01 2.59128e-23 4.81754e-23
1.04004e-01 8.09410e-24 9.93411e-23
1.04248e-01 -2.49696e-23 1.05684e-22
1.04492e-01 -3.96915e-23 9.45681e-23
1.04736e-01 -3.07296e-23 6.57634e-23
1.04980e-01 -5.98560e-24 4.32779e-23
1.05225e-01 1.19595e-23 2.60055e-23
1.05469e-01 1.53967e-23 7.62103e-24
1.05713e-01 2.35439e-23 -1.34791e-23
1.05957e-01 4.24847e-23 -4.50949e-23
1.06201e-01 6.28634e-23 -7.91165e-23
1.06445e-01 6.68130e-23 -8.16869e-23
1.06689e-01 3.77411e-23 -4.73258e-23
1.06934e-01 -8.20932e-24 -5.56875e-24
1.07178e-01 -4.63410e-23 3.23872e-23
1.07422e-01 -5.87599e-23 4.54455e-23
1.07666e-01 -4.69352e-23 4.27493e-23
1.07910e-01 -3.22882e-23 4.65351e-23
1.08154e-01 -2.20956e-23 5.43175e-23
1.08398e-01 -9.87685e-24 4.40676e-23
1.08643e-01 3.96533e-24 2.04727e-23
1.08887e-01 7.35600e-24 -1.56797e-23
1.09131e-01 2.80297e-24 -4.35065e-23
1.09375e-01 1.24888e-24 -4.37180e-23
1.09619e-01 9.63794e-24 -4.38857e-23
1.09863e-01 3.63780e-24 -3.34342e-23
1.10107e-01 -1.78468e-24 -9.50842e-24
1.10352e-01 -1.95375e-23 -1.42701e-24
1.10596e-01 -2.07327e-23 6.58506e-24
1.10840e-01 2.69851e-24 1.37617e-23
1.11084e-01 3.89049e-23 2.42774e-23
1.11328e-01 5.37622e-23 2.75338e-23
1.11572e-01 3.80140e-23 4.61496e-24
1.11816e-01 1.13094e-23 -3.61519e-23
1.12061e-01 2.51817e-24 -5.04275e-23
1.12305e-01 1.15057e-23 -4.07597e-23
1.12549e-01 3.93342e-24 -2.06150e-23
1.12793e-01 -2.89468e-23 5.67365e-24
1.13037e-01 -5.68124e-23 1.12027e-23
1.13281e-01 -6.28371e-23 -4.51136e-24
1.13525e-01 -3.67410e-23 -8.23926e-24
1.13770e-01 1.33259e-23 -9.25788e-25
1.14014e-01 4.66281e-23 5.79067e-24
1.14258e-01 4.13957e-23 6.21145e-24
1.14502e-01 2.54690e-23 9.63957e-24
1.14746e-01 1.85875e-23 1.63638e-23
1.14990e-01 1.30548e-23 2.05889e-23
1.15234e-01 2.40682e-24 1.37657e-23
1.15479e-01 -1.65573e-23 1.91993e-23
1.15723e-01 -5.10357e-23 3.66284e-23
1.15967e-01 -6.40320e-23 4.58708e-23
1.16211e-01 -5.37359e-23 4.18688e-23
1.16455e-01 -9.79070e-24 4.27468e-23
1.16699e-01 5.44554e-23 2.23239e-23
1.16943e-01 7.00635e-23 1.77122e-23
1.17188e-01 4.93352e-23 5.35136e-24
1.17432e-01 2.03544e-23 -1.96770e-23
1.17676e-01 -1.27533e-23 -4.48596e-23
1.17920e-01 -1.90432e-23 -5.70544e-23
1.18164e-01 -1.25599e-23 -5.35070e-23
1.18408e-01 -1.00925e-23 -4.08783e-23
1.18652e-01 -2.41884e-23 -2.65518e-23
1.18896e-01 -4.61949e-23 -1.54274e-23
1.19141e-01 -3.87484e-23 -6.51631e-24
1.19385e-01 -9.75326e-24 5.55507e-24
1.19629e-01 1.60535e-23 1.97075e-23
1.19873e-01 3.23196e-23 1.32511e-23
1.20117e-01 2.08463e-23 -2.62214e-23
1.20361e-01 2.25654e-24 -5.45821e-23
1.20605e-01 -1.01197e-23 -4.93946e-23
1.20850e-01 -1.52655e-23 -4.56319e-23
1.21094e-01 -5.33120e-24 -4.30574e-23
1.21338e-01 2.52209e-23 -3.30783e-23
1.21582e-01 5.97019e-23 8.67673e-24
1.21826e-01 6.44082e-23 5.93108e-23
1.22070e-01 4.52736e-23 8.15881e-23
1.22314e-01 2.11780e-23 7.19779e-23
1.22559e-01 7.11484e-24 5.71533e-23
1.22803e-01 6.66548e-24 2.68370e-23
1.23047e-01 -2.10105e-26 1.36368e-23
1.23291e-01 -2.20262e-23 6.05702e-25
1.23535e-01 -4.80583e-23 -2.18163e-23
1.23779e-01 -4.97501e-23 -4.59632e-23
1.24023e-01 -4.39790e-23 -4.68981e-23
1.24268e-01 -2.10498e-23 -1.53507e-23
1.24512e-01 -3.00222e-24 3.28982e-23
1.24756e-01 -8.57763e-25 5.08450e-23
1.25000e-01 -5.89748e-24 5.28971e-23
1.25244e-01 -1.74105e-23 5.51315e-23
1.25488e-01 -1.78977e-23 5.27146e-23
1.25732e-01 -5.70757e-24 4.39921e-23
1.25977e-01 -5.68030e-24 3.55616e-23
1.26221e-01 -2.34370e-23 9.65813e-24
1.26465e-01 -3.98587e-23 -2.98237e-23
1.26709e-01 -4.99803e-23 -9.07334e-23
1.26953e-01 -2.94460e-23 -1.04232e-22
1.27197e-01 -1.41835e-24 -6.27266e-23
1.27441e-01 1.98687e-23 -2.02659e-23
1.27686e-01 4.51181e-23 3.94285e-24
1.27930e-01 6.89264e-23 6.90046e-24
1.28174e-01 6.14355e-23 1.16207e-23
1.28418e-01 4.09417e-23 2.03676e-23
1.28662e-01 2.36017e-23 3.57230e-24
1.28906e-01 2.19140e-23 -2.86095e-23
1.29150e-01 2.12605e-23 -7.29362e-23
1.29395e-01 2.26313e-24 -8.88478e-23
1.29639e-01 -2.55109e-23 -6.17025e-23
1.29883e-01 -2.09204e-23 -6.97644e-24
1.30127e-01 6.20602e-24 2.64946e-23
1.30371e-01 4.15861e-23 4.22782e-23
1.30615e-01 5.36360e-23 3.77066e-23
1.30859e-01 4.46064e-23 4.01757e-23
1.31104e-01 2.30716e-23 2.78989e-23
1.31348e-01 8.04906e-24 -3.85460e-24
1.31592e-01 2.36982e-23 -1.79807e-23
1.31836e-01 2.78998e-23 7.68270e-25
1.32080e-01 -7.72609e-24 2.29771e-23
1.32324e-01 -5.60633e-23 2.25293e-23
1.32568e-01 -9.42519e-23 2.37233e-23
1.32812e-01 -1.07184e-22 3.45145e-23
1.33057e-01 -8.52846e-23 6.61905e-23
1.33301e-01 -4.29301e-23 7.74236e-23
1.33545e-01 -7.65381e-24 6.21954e-23
1.33789e-01 8.52682e-24 2.55764e-24
1.34033e-01 1.19295e-24 -6.46518e-23
1.34277e-01 6.87111e-24 -9.07450e-23
1.34521e-01 1.17822e-23 -6.84810e-23
1.34766e-01 1.07039e-23 -1.09841e-23
1.35010e-01 -1.87405e-23 4.07832e-23
1.35254e-01 -6.45159e-23 4.21135e-23
1.35498e-01 -6.95045e-23 2.07357e-23
1.35742e-01 -2.92483e-23 7.79377e-24
1.35986e-01 4.05186e-23 3.36309e-24
1.36230e-01 9.10301e-23 -2.40250e-23
1.36475e-01 1.05765e-22 -6.51744e-23
1.36719e-01 8.40751e-23 -7.55061e-23
1.36963e-01 5.72638e-23 -5.24524e-23
1.37207e-01 2.48199e-23 -2.53565e-23
1.37451e-01 -7.24157e-24 2.68297e-24
1.37695e-01 -1.53355e-23 1.89550e-23
1.37939e-01 -4.55342e-24 2.08885e-23
1.38184e-01 1.38006e-25 2.02231e-23
1.38428e-01 4.18199e-24 9.85189e-24
1.38672e-01 2.30419e-23 -5.37647e-24
1.38916e-01 5.52814e-23 -2.75591e-23
1.39160e-01 7.02736e-23 -2.90002e-23
1.39404e-01 4.64832e-23 -2.41661e-23
1.39648e-01 -6.30019e-24 -2.43211e-23
1.39893e-01 -5.10117e-23 -1.04957e-23
1.40137e-01 -7.76803e-23 2.41416e-23
1.40381e-01 -9.33336e-23 5.84505e-23
1.40625e-01 -7.94495e-23 7.18506e-23
1.40869e-01 -4.14786e-23 6.67892e-23
1.41113e-01 -1.35330e-23 5.42766e-23
1.41357e-01 -2.65572e-24 2.93974e-23
1.41602e-01 -1.34380e-23 9.68840e-25
1.41846e-01 -3.56208e-23 -2.16623e-23
1.42090e-01 -3.23668e-23 -2.31314e-23
1.42334e-01 -9.22366e-24 -1.05955e-23
1.42578e-01 9.99875e-24 -1.83459e-24
1.42822e-01 -1.10430e-23 3.50237e-23
1.43066e-01 -3.20472e-23 6.91971e-23
1.43311e-01 -1.32399e-23 6.53032e-23
1.43555e-01 1.53593e-23 3.66321e-23
1.43799e-01 2.55823e-23 -2.19814e-23
1.44043e-01 2.12285e-23 -8.41567e-23
1.44287e-01 2.18456e-23 -1.10195e-22
1.44531e-01 4.02445e-23 -9.76308e-23
1.44775e-01 6.76697e-23 -6.11320e-23
1.45020e-01 9.53061e-23 -1.67440e-23
1.45264e-01 8.49112e-23 1.31771e-23
1.45508e-01 4.71735e-23 1.76733e-23
1.45752e-01 2.05204e-23 7.07478e-24
1.45996e-01 6.43208e-25 -2.05699e-23
1.46240e-01 -1.10036e-23 -4.37100e-23
1.46484e-01 -1.82273e-24 -4.04687e-23
1.46729e-01 2.86554e-24 -1.89921e-23
1.46973e-01 -4.28057e-24 -3.73336e-24
1.47217e-01 -6.94649e-24 -7.58295e-25
1.47461e-01 -2.77249e-24 1.21446e-23
1.47705e-01 -1.12210e-23 3.26621e-23
1.47949e-01 -3.71798e-23 3.32973e-23
1.48193e-01 -5.16338e-23 1.63565e-23
1.48438e-01 -5.70283e-23 -6.02107e-24
1.48682e-01 -6.24473e-23 -2.22151e-23
1.48926e-01 -6.40315e-23 -2.24992e-23
1.49170e-01 -5.64966e-23 1.39521e-23
1.49414e-01 -5.23847e-23 5.41555e-23
1.49658e-01 -5.83229e-23 7.48686e-23
1.49902e-01 -5.93108e-23 7.06915e-23
1.50146e-01 -4.85127e-23 3.81050e-23
1.50391e-01 -3.17011e-23 2.10377e-24
1.50635e-01 -1.88934e-23 -2.35819e-23
1.50879e-01 -1.78567e-24 -2.88484e-23
1.51123e-01 -3.99318e-24 -1.29082e-23
1.51367e-01 -2.42222e-24 1.12551e-23
1.51611e-01 1.29450e-23 2.19668e-23
1.51855e-01 4.47232e-23 2.53877e-23
1.52100e-01 7.28356e-23 2.64478e-23
1.52344e-01 8.99841e-23 1.73583e-23
1.52588e-01 8.25705e-23 -7.58987e-24
1.52832e-01 5.65529e-23 -4.44954e-23
1.53076e-01 4.58191e-23 -6.86947e-23
1.53320e-01 6.80926e-23 -6.27063e-23
1.53564e-01 1.01197e-22 -5.86573e-23
1.53809e-01 9.64775e-23 -3.64560e-23
1.54053e-01 6.17136e-23 -7.77360e-24
1.54297e-01 2.82904e-23 8.59818e-24
1.54541e-01 2.36247e-25 1.17053e-23
1.54785e-01 -2.58409e-23 1.45946e-23
1.55029e-01 -3.04071e-23 -6.42476e-24
1.55273e-01 1.42572e-24 -1.91842e-23
1.55518e-01 2.85548e-23 -1.10317e-23
1.55762e-01 -1.25577e-24 7.05865e-24
1.56006e-01 -5.22789e-23 3.26622e-23
1.56250e-01 -8.66908e-23 4.08379e-23
1.56494e-01 -9.16897e-23 4.29598e-23
1.56738e-01 -7.70387e-23 3.00236e-23
1.56982e-01 -5.93487e-23 3.18562e-24
1.57227e-01 -4.59324e-23 -9.96558e-24
1.57471e-01 -3.62444e-23 -7.07376e-24
1.57715e-01 -3.82398e-23 -5.19182e-24
1.57959e-01 -3.55635e-23 2.35466e-24
1.58203e-01 -3.45124e-23 1.59836e-23
1.58447e-01 -3.75440e-23 3.57838e-23
1.58691e-01 -3.98601e-23 5.87278e-23
1.58936e-01 -3.49820e-23 6.32177e-23
1.59180e-01 -1.65508e-23 3.44412e-23
1.59424e-01 1.68894e-23 -6.62267e-24
1.59668e-01 5.03266e-23 -3.92863e-23
1.59912e-01 6.75755e-23 -5.67807e-23
1.60156e-01 5.64087e-23 -3.64995e-23
1.60400e-01 3.49104e-23 -1.73565e-24
1.60645e-01 1.17041e-23 2.02162e-23
1.60889e-01 2.86281e-24 8.44125e-24
1.61133e-01 1.85721e-23 -1.40610e-23
1.61377e-01 5.74142e-23 -2.59847e-23
1.61621e-01 9.57045e-23 -4.27435e-23
1.61865e-01 1.02680e-22 -5.05228e-23
1.62109e-01 8.07341e-23 -5.32752e-23
1.62354e-01 2.05361e-23 -4.34399e-23
1.62598e-01 -4.11814e-23 -2.07680e-23
1.62842e-01 -6.12960e-23 -1.24490e-23
1.63086e-01 -3.15746e-23 -1.26894e-23
1.63330e-01 1.38715e-23 -1.57424e-23
1.63574e-01 3.02824e-23 -1.78765e-23
1.63818e-01 1.68201e-23 -1.42308e-23
1.64062e-01 -1.19343e-23 -2.93493e-24
1.64307e-01 -4.78344e-23 -5.96599e-24
1.64551e-01 -8.03927e-23 -7.33809e-25
1.64795e-01 -9.41950e-23 3.42717e-23
1.65039e-01 -8.61277e-23 5.62139e-23
1.65283e-01 -6.86782e-23 5.29426e-23
1.65527e-01 -5.40239e-23 2.23567e-23
1.65771e-01 -4.94977e-23 -9.86657e-24
1.66016e-01 -4.47062e-23 -1.06048e-23
1.66260e-01 -3.43300e-23 2.20066e-23
1.66504e-01 -8.59086e-24 4.91836e-23
1.66748e-01 1.46560e-23 5.65874e-23
1.66992e-01 1.96270e-23 6.28189e-23
1.67236e-01 1.66821e-23 4.90624e-23
1.67480e-01 1.15242e-23 2.81789e-23
1.67725e-01 1.19013e-23 5.33594e-24
1.67969e-01 3.94427e-23 -8.73875e-24
1.68213e-01 8.16103e-23 -4.69906e-24
1.68457e-01 1.03719e-22 7.11643e-24
1.68701e-01 9.08079e-23 9.59971e-24
1.68945e-01 7.19303e-23 6.10605e-26
1.69189e-01 7.42310e-23 -9.55185e-24
1.69434e-01 8.07124e-23 -1.36346e-23
1.69678e-01 7.55158e-23 -1.56612e-23
1.69922e-01 5.96668e-23 -2.90640e-23
1.70166e-01 3.08056e-23 -4.64601e-23
1.70410e-01 -6.47156e-24 -6.37010e-23
1.70654e-01 -3.33668e-23 -7.65827e-23
1.70898e-01 -3.04969e-23 -6.15095e-23
1.71143e-01 -2.05972e-23 -3.18041e-23
1.71387e-01 -1.16052e-23 -3.18301e-25
1.71631e-01 -6.06207e-24 2.21081e-23
1.71875e-01 -2.27116e-23 1.84209e-23
1.72119e-01 -4.96730e-23 -1.00986e-23
1.72363e-01 -7.32538e-23 -4.64680e-23
1.72607e-01 -8.33147e-23 -6.42652e-23
1.72852e-01 -7.75966e-23 -4.41466e-23
1.73096e-01 -5.56988e-23 9.69232e-24
1.73340e-01 -3.26119e-23 5.17410e-23
1.73584e-01 -2.81144e-23 6.72023e-23
1.73828e-01 -3.68376e-23 6.78936e-23
1.74072e-01 -5.43416e-23 5.92351e-23
1.74316e-01 -7.33597e-23 3.35203e-23
1.74561e-01 -5.95656e-23 2.84698e-23
1.74805e-01 -3.34148e-23 4.46739e-23
1.75049e-01 -1.47032e-24 8.77361e-23
1.75293e-01 5.27741e-23 1.10673e-22
1.75537e-01 9.51456e-23 7.65114e-23
1.75781e-01 8.80608e-23 3.33883e-23
1.76025e-01 3.39409e-23 1.32399e-23
1.76270e-01 1.24933e-23 -7.66230e-24
1.76514e-01 3.94978e-23 -3.95663e-23
1.76758e-01 5.92928e-23 -4.49015e-23
1.77002e-01 5.23591e-23 -1.71762e-23
1.77246e-01 4.91787e-23 4.29747e-24
1.77490e-01 6.61419e-23 -1.53249e-23
1.77734e-01 6.98495e-23 -5.30244e-23
1.77979e-01 4.96054e-23 -8.81583e-23
1.78223e-01 1.73043e-23 -8.68522e-23
1.78467e-01 -1.17342e-23 -7.39012e-23
1.78711e-01 -2.77224e-23 -6.49267e-23
1.78955e-01 -4.55420e-23 -5.42442e-23
1.79199e-01 -4.96848e-23 -4.67193e-23
1.79443e-01 -2.11458e-23 -4.33296e-23
1.79688e-01 8.64445e-24 -3.83752e-23
1.79932e-01 3.38308e-24 -2.02346e-23
1.80176e-01 -2.02105e-23 3.50676e-24
1.80420e-01 -4.79094e-23 5.86774e-24
1.80664e-01 -6.84036e-23 -6.41617e-24
1.80908e-01 -8.42469e-23 -2.01410e-23
1.81152e-01 -1.03350e-22 -1.64245e-23
1.81396e-01 -8.32383e-23 1.81921e-23
1.81641e-01 -3.76728e-23 7.24097e-23
1.81885e-01 -5.02124e-24 1.14992e-22
1.82129e-01 -2.17459e-23 1.26598e-22
1.82373e-01 -5.01415e-23 1.02429e-22
1.82617e-01 -4.34573e-23 5.59270e-23
1.82861e-01 -2.32771e-23 8.41783e-24
1.83105e-01 -2.79807e-24 -7.42559e-24
1.83350e-01 3.46094e-23 9.54467e-24
1.83594e-01 8.82979e-23 4.39162e-23
1.83838e-01 1.18021e-22 5.50964e-23
1.84082e-01 1.00355e-22 2.76718e-23
1.84326e-01 5.35405e-23 -1.85176e-23
1.84570e-01 2.73044e-23 -4.27754e-23
1.84814e-01 4.84874e-23 -5.78106e-23
1.85059e-01 8.94309e-23 -7.13618e-23
1.85303e-01 9.92297e-23 -5.79544e-23
1.85547e-01 9.17283e-23 -3.52790e-23
1.85791e-01 7.55595e-23 -4.37809e-23
1.86035e-01 3.40954e-23 -6.59312e-23
1.86279e-01 -1.30427e-23 -7.21738e-23
1.86523e-01 -2.69218e-23 -4.98233e-23
1.86768e-01 -6.13358e-24 -2.93513e-23
1.87012e-01 1.00898e-23 -2.88436e-23
1.87256e-01 8.25275e-24 -3.16097e-23
1.87500e-01 -1.71718e-23 -2.49990e-23
1.87744e-01 -5.52325e-23 -2.28133e-23
1.87988e-01 -8.41816e-23 -1.18966e-23
1.88232e-01 -7.94316e-23 1.84902e-23
1.88477e-01 -6.13803e-23 6.05961e-23
1.88721e-01 -5.91262e-23 6.86819e-23
1.88965e-01 -7.15731e-23 3.35093e-23
1.89209e-01 -8.53240e-23 3.15007e-24
1.89453e-01 -8.28092e-23 1.27817e-23
1.89697e-01 -7.77475e-23 5.79056e-23
1.89941e-01 -6.08907e-23 1.00112e-22
1.90186e-01 -4.05877e-23 1.37072e-22
1.90430e-01 -2.49819e-23 1.36625e-22
1.90674e-01 -1.54671e-23 7.50458e-23
1.90918e-01 1.31782e-23 -1.18463e-23
1.91162e-01 4.36044e-23 -3.74966e-23
1.91406e-01 7.07019e-23 1.82824e-23
1.91650e-01 9.25702e-23 8.20491e-23
1.91895e-01 6.77707e-23 9.07702e-23
1.92139e-01 2.63764e-23 3.76824e-23
1.92383e-01 3.74923e-23 -4.71166e-23
1.92627e-01 8.78304e-23 -1.29108e-22
1.92871e-01 1.27825e-22 -1.54200e-22
1.93115e-01 1.24533e-22 -1.15316e-22
1.93359e-01 7.88558e-23 -4.56208e-23
1.93604e-01 1.35339e-23 -1.29496e-23
1.93848e-01 -1.94648e-23 -2.50285e-23
1.94092e-01 -8.67946e-24 -5.83908e-23
1.94336e-01 1.36792e-23 -1.01105e-22
1.94580e-01 3.52708e-23 -1.13860e-22
1.94824e-01 4.00543e-23 -9.63267e-23
1.95068e-01 -5.86454e-24 -5.44509e-23
1.95312e-01 -7.44411e-23 2.61947e-24
1.95557e-01 -1.14508e-22 3.32891e-23
1.95801e-01 -1.19025e-22 3.67419e-23
1.96045e-01 -9.20457e-23 1.74323e-23
1.96289e-01 -5.34407e-23 1.11741e-23
1.96533e-01 -3.66375e-23 3.14332e-23
1.96777e-01 -5.14837e-23 5.45882e-23
1.97021e-01 -7.47625e-23 7.46337e-23
1.97266e-01 -1.01567e-22 8.62151e-23
1.97510e-01 -1.00575e-22 7.16591e-23
1.97754e-01 -5.76122e-23 6.28343e-23
1.97998e-01 -1.07387e-23 8.23220e-23
1.98242e-01 2.22150e-23 9.71697e-23
1.98486e-01 2.08390e-23 9.44758e-23
1.98730e-01 2.15765e-23 7.05247e-23
1.98975e-01 2.85586e-23 3.53223e-23
1.99219e-01 3.43601e-23 1.28791e-23
1.99463e-01 7.02437e-23 -5.13695e-24
1.99707e-01 1.21583e-22 -2.73107e-23
1.99951e-01 1.23110e-22 -3.71047e-23
2.00195e-01 8.14736e-23 -4.75549e-23
2.00439e-01 5.61583e-23 -6.52555e-23
2.00684e-01 6.39428e-23 -9.39597e-23
2.00928e-01 6.80483e-23 -1.25762e-22
2.01172e-01 7.18709e-23 -1.29197e-22
2.01416e-01 9.28121e-23 -9.22658e-23
2.01660e-01 7.31443e-23 -4.20744e-23
2.01904e-01 1.73695e-23 -2.39390e-23
2.02148e-01 -1.45344e-23 -3.22020e-23
2.02393e-01 -2.45146e-23 -5.40067e-23
2.02637e-01 -9.60607e-24 -7.05720e-23
2.02881e-01 5.89740e-24 -6.00451e-23
2.03125e-01 2.36043e-24 -7.50887e-24
2.03369e-01 -4.16863e-23 4.66272e-23
2.03613e-01 -9.93448e-23 7.53236e-23
2.03857e-01 -1.27204e-22 7.57967e-23
2.04102e-01 -1.17835e-22 5.56556e-23
2.04346e-01 -7.93230e-23 3.45049e-23
2.04590e-01 -5.08372e-23 2.77697e-23
2.04834e-01 -6.21086e-23 5.08342e-23
2.05078e-01 -9.13012e-23 9.77738e-23
2.05322e-01 -1.10755e-22 1.32529e-22
2.05566e-01 -1.03280e-22 1.22534e-22
2.05811e-01 -5.32301e-23 6.67832e-23
2.06055e-01 7.08285e-24 9.13360e-24
2.06299e-01 4.75836e-23 -1.86167e-23
2.06543e-01 5.21802e-23 1.05400e-24
2.06787e-01 3.83509e-23 3.04435e-23
2.07031e-01 2.46591e-23 4.03794e-23
2.07275e-01 3.00919e-23 1.41396e-23
2.07520e-01 5.20199e-23 -4.28490e-23
2.07764e-01 8.97499e-23 -9.50584e-23
2.08008e-01 1.14509e-22 -1.18025e-22
2.08252e-01 8.91947e-23 -1.00536e-22
2.08496e-01 6.42206e-23 -7.24944e-23
2.08740e-01 5.11766e-23 -4.93564e-23
2.08984e-01 3.76655e-23 -4.49988e-23
2.09229e-01 4.15650e-23 -5.62305e-23
2.09473e-01 5.12813e-23 -7.66912e-23
2.09717e-01 4.37852e-23 -9.42030e-23
2.09961e-01 2.32187e-23 -7.69569e-23
2.10205e-01 8.63850e-24 -3.01340e-23
2.10449e-01 -3.92911e-24 2.94788e-24
2.10693e-01 -1.23018e-23 2.13270e-23
2.10938e-01 -2.73491e-23 4.43025e-23
2.11182e-01 -4.69708e-23 5.74019e-23
2.11426e-01 -6.89202e-23 5.02869e-23
2.11670e-01 -8.05760e-23 4.68909e-23
2.11914e-01 -8.21119e-23 5.29138e-23
2.12158e-01 -7.81354e-23 7.52716e-23
2.12402e-01 -7.15904e-23 9.69024e-23
2.12646e-01 -6.47709e-23 9.49353e-23
2.12891e-01 -5.91919e-23 8.25016e-23
2.13135e-01 -5.90452e-23 7.57965e-23
2.13379e-01 -6.21465e-23 6.63500e-23
2.13623e-01 -5.03963e-23 5.67818e-23
2.13867e-01 -3.89003e-23 5.38446e-23
2.14111e-01 -5.58692e-24 4.29067e-23
2.14355e-01 4.18689e-23 1.13454e-23
2.14600e-01 8.46528e-23 -1.50216e-23
2.14844e-01 7.92561e-23 -4.71489e-23
2.15088e-01 5.05600e-23 -4.49322e-23
2.15332e-01 5.00862e-23 -3.44324e-23
2.15576e-01 4.94580e-23 -5.00515e-23
2.15820e-01 4.03182e-23 -7.02856e-23
2.16064e-01 6.56828e-23 -1.13994e-22
2.16309e-01 1.03076e-22 -1.39960e-22
2.16553e-01 9.50881e-23 -1.22996e-22
2.16797e-01 5.83938e-23 -8.40165e-23
2.17041e-01 4.22719e-23 -4.55135e-23
2.17285e-01 2.99659e-23 -4.20399e-23
2.17529e-01 1.18884e-23 -5.57756e-23
2.17773e-01 4.41326e-24 -6.29037e-23
2.18018e-01 1.34647e-23 -5.83295e-23
2.18262e-01 2.33960e-23 -2.30939e-23
2.18506e-01 6.95534e-24 2.47614e-23
2.18750e-01 -2.00295e-23 6.64857e-23
2.18994e-01 -4.92756e-23 7.38157e-23
2.19238e-01 -7.76828e-23 5.38950e-23
2.19482e-01 -9.02873e-23 5.08619e-23
2.19727e-01 -8.66960e-23 7.53500e-23
2.19971e-01 -7.59291e-23 9.95349e-23
2.20215e-01 -7.78688e-23 1.16583e-22
2.20459e-01 -8.81007e-23 9.78296e-23
2.20703e-01 -8.14139e-23 6.99362e-23
2.20947e-01 -6.03052e-23 4.92122e-23
2.21191e-01 -3.86983e-23 5.86044e-23
2.21436e-01 -2.89611e-23 8.46187e-23
2.21680e-01 -2.55770e-23 5.92539e-23
2.21924e-01 -1.30547e-23 2.45458e-23
2.22168e-01 2.00043e-24 5.05261e-24
2.22412e-01 1.95498e-23 -3.76875e-23
2.22656e-01 4.04388e-23 -4.66684e-23
2.22900e-01 6.44786e-23 -4.81235e-23
2.23145e-01 8.20866e-23 -3.95149e-23
2.23389e-01 7.71405e-23 -6.17041e-23
2.23633e-01 5.72561e-23 -1.00561e-22
2.23877e-01 4.71093e-23 -1.09069e-22
2.24121e-01 5.43745e-23 -1.19787e-22
2.24365e-01 7.20915e-23 -1.07706e-22
2.24609e-01 8.06671e-23 -7.11027e-23
2.24854e-01 7.29516e-23 -4.72139e-23
2.25098e-01 5.58212e-23 -5.66491e-23
2.25342e-01 3.59303e-23 -7.60274e-23
2.25586e-01 2.37687e-23 -5.70166e-23
2.25830e-01 1.06241e-23 -1.01930e-23
2.26074e-01 2.76877e-24 3.41845e-23
2.26318e-01 -1.59047e-23 5.69457e-23
2.26562e-01 -4.73074e-23 6.09279e-23
2.26807e-01 -6.71687e-23 4.42431e-23
2.27051e-01 -6.39728e-23 4.68784e-23
2.27295e-01 -4.72878e-23 9.79140e-23
2.27539e-01 -3.98311e-23 1.43031e-22
2.27783e-01 -5.59249e-23 1.34462e-22
2.28027e-01 -9.24297e-23 1.06263e-22
2.28271e-01 -1.25502e-22 7.51744e-23
2.28516e-01 -1.17871e-22 6.17029e-23
2.28760e-01 -6.77058e-23 6.80617e-23
2.29004e-01 -8.58978e-25 8.72496e-23
2.29248e-01 4.22725e-23 7.98286e-23
2.29492e-01 3.79814e-23 4.85028e-23
2.29736e-01 -8.46457e-24 -1.29195e-24
2.29980e-01 -5.31359e-23 -5.84072e-23
2.30225e-01 -2.90181e-23 -9.22593e-23
2.30469e-01 5.12946e-23 -8.39409e-23
2.30713e-01 1.18681e-22 -6.35944e-23
2.30957e-01 1.28587e-22 -5.83042e-23
2.31201e-01 7.21193e-23 -7.48934e-23
2.31445e-01 8.06374e-24 -1.14469e-22
2.31689e-01 -1.02602e-24 -1.37992e-22
2.31934e-01 4.26036e-23 -1.37855e-22
2.32178e-01 1.02881e-22 -1.12772e-22
2.32422e-01 1.26267e-22 -6.42628e-23
2.32666e-01 9.50876e-23 -3.26630e-23
2.32910e-01 3.51743e-23 -4.28098e-23
2.33154e-01 -1.65400e-23 -5.66247e-23
2.33398e-01 -1.53378e-23 -3.51389e-23
2.33643e-01 2.33156e-23 -3.47675e-24
2.33887e-01 3.90399e-23 4.93476e-23
2.34131e-01 1.97651e-23 8.56320e-23
2.34375e-01 -3.39086e-23 9.19546e-23
2.34619e-01 -9.35799e-23 7.13859e-23
2.34863e-01 -1.15033e-22 6.28658e-23
2.35107e-01 -9.55262e-23 7.98872e-23
2.35352e-01 -6.64013e-23 1.12589e-22
2.35596e-01 -6.51111e-23 1.36392e-22
2.35840e-01 -9.74056e-23 1.31440e-22
2.36084e-01 -1.30020e-22 9.33465e-23
2.36328e-01 -1.38404e-22 6.24030e-23
2.36572e-01 -8.90928e-23 4.28468e-23
2.36816e-01 -2.26599e-23 5.10174e-23
2.37061e-01 1.05725e-24 5.67603e-23
2.37305e-01 -1.09213e-23 4.80691e-23
2.37549e-01 -3.52381e-23 2.70737e-24
2.37793e-01 -2.91241e-23 -6.09062e-23
2.38037e-01 2.39425e-23 -9.71981e-23
2.38281e-01 1.01012e-22 -8.73438e-23
2.38525e-01 1.36583e-22 -6.51527e-23
2.38770e-01 1.06332e-22 -6.19619e-23
2.39014e-01 5.56728e-23 -8.46685e-23
2.39258e-01 3.53970e-23 -1.16282e-22
2.39502e-01 5.22771e-23 -1.44293e-22
2.39746e-01 1.04328e-22 -1.54383e-22
2.39990e-01 1.55550e-22 -1.18260e-22
2.40234e-01 1.55081e-22 -5.94993e-23
2.40479e-01 7.50072e-23 -1.84758e-23
2.40723e-01 6.81835e-24 -2.75965e-23
2.40967e-01 1.32357e-23 -4.82566e-23
2.41211e-01 4.57578e-23 -3.31004e-23
2.41455e-01 6.04268e-23 2.08356e-23
2.41699e-01 4.16156e-23 7.00816e-23
2.41943e-01 -1.24392e-23 1.09441e-22
2.42188e-01 -8.97678e-23 1.05055e-22
2.42432e-01 -1.23330e-22 6.76566e-23
2.42676e-01 -9.90002e-23 5.52095e-23
2.42920e-01 -6.63857e-23 9.03331e-23
2.43164e-01 -5.64704e-23 1.43555e-22
2.43408e-01 -7.41377e-23 1.50319e-22
2.43652e-01 -1.22989e-22 1.16275e-22
2.43896e-01 -1.57534e-22 4.82402e-23
2.44141e-01 -1.30820e-22 1.62536e-23
2.44385e-01 -6.41761e-23 2.83783e-23
2.44629e-01 -2.92698e-24 5.20867e-23
2.44873e-01 2.21768e-24 5.77239e-23
2.45117e-01 -2.98461e-23 2.26065e-23
2.45361e-01 -6.28222e-23 -4.24887e-23
2.45605e-01 -5.18373e-23 -7.98759e-23
2.45850e-01 2.12473e-23 -7.28567e-23
2.46094e-01 9.74731e-23 -5.04826e-23
2.46338e-01 1.17221e-22 -4.27729e-23
2.46582e-01 8.27227e-23 -9.41598e-23
2.46826e-01 3.85768e-23 -1.48375e-22
2.47070e-01 2.37380e-23 -1.47000e-22
2.47314e-01 5.98746e-23 -1.16800e-22
2.47559e-01 1.14477e-22 -7.28079e-23
2.47803e-01 1.41873e-22 -5.20960e-23
2.48047e-01 1.13636e-22 -5.19984e-23
2.48291e-01 5.17329e-23 -7.62724e-23
2.48535e-01 1.13319e-23 -7.88041e-23
2.48779e-01 1.28829e-23 -3.07489e-23
2.49023e-01 4.51872e-23 5.77556e-23
2.49268e-01 6.55220e-23 1.09914e-22
2.49512e-01 4.07881e-23 9.45819e-23
2.49756e-01 -3.63445e-23 4.91661e-23
2.50000e-01 -1.00898e-22 1.05649e-23
2.50244e-01 -1.06644e-22 3.87086e-23
2.50488e-01 -6.59528e-23 1.17825e-22
2.50732e-01 -3.08365e-23 1.71912e-22
2.50977e-01 -3.87980e-23 1.64580e-22
2.51221e-01 -9.83363e-23 8.81860e-23
2.51465e-01 -1.48420e-22 2.78853e-23
2.51709e-01 -1.40617e-22 4.27570e-23
2.51953e-01 -9.00889e-23 7.26437e-23
2.52197e-01 -3.78854e-23 8.71456e-23
2.52441e-01 -1.22124e-23 7.06793e-23
2.52686e-01 -1.76607e-23 -1.15499e-23
2.52930e-01 -3.97035e-23 -9.34165e-23
2.53174e-01 -1.79958e-23 -1.00909e-22
2.53418e-01 3.56302e-23 -5.54710e-23
2.53662e-01 6.56419e-23 -2.18542e-23
2.53906e-01 6.96088e-23 -4.11084e-23
2.54150e-01 6.85534e-23 -9.41851e-23
2.54395e-01 4.59894e-23 -1.48103e-22
2.54639e-01 5.76601e-23 -1.53424e-22
2.54883e-01 9.46749e-23 -1.01118e-22
2.55127e-01 1.21099e-22 -4.56034e-23
2.55371e-01 1.20945e-22 -4.76501e-23
2.55615e-01 8.72471e-23 -6.62018e-23
2.55859e-01 4.37785e-23 -7.62566e-23
2.56104e-01 2.62011e-23 -7.63123e-23
2.56348e-01 6.80700e-23 -2.12781e-23
2.56592e-01 1.13707e-22 5.16384e-23
2.56836e-01 8.26207e-23 9.03115e-23
2.57080e-01 -3.49558e-24 6.09234e-23
2.57324e-01 -6.82441e-23 2.30692e-23
2.57568e-01 -8.83220e-23 2.77047e-23
2.57812e-01 -5.86107e-23 6.39919e-23
2.58057e-01 -2.94153e-23 1.45263e-22
2.58301e-01 -3.16347e-23 1.77274e-22
2.58545e-01 -9.65588e-23 1.27366e-22
2.58789e-01 -1.64563e-22 4.50466e-23
2.59033e-01 -1.75587e-22 3.10992e-23
2.59277e-01 -1.40478e-22 5.15932e-23
2.59521e-01 -6.41949e-23 7.32338e-23
2.59766e-01 -3.63053e-23 9.56924e-23
2.60010e-01 -6.89916e-23 5.34821e-23
2.60254e-01 -9.76279e-23 -3.96695e-23
2.60498e-01 -9.51970e-23 -7.15249e-23
2.60742e-01 -4.44001e-23 -3.88203e-23
2.60986e-01 4.50303e-23 -9.41963e-24
2.61230e-01 8.33473e-23 -1.02689e-23
2.61475e-01 3.80474e-23 -5.95933e-23
2.61719e-01 -8.92257e-24 -1.45267e-22
2.61963e-01 5.43334e-24 -1.86942e-22
2.62207e-01 6.43204e-23 -1.27396e-22
2.62451e-01 1.31419e-22 -5.61139e-23
2.62695e-01 1.75346e-22 -4.56326e-23
2.62939e-01 1.35466e-22 -7.08351e-23
2.63184e-01 5.93552e-23 -1.05209e-22
2.63428e-01 4.27253e-23 -1.09231e-22
2.63672e-01 9.81424e-23 -4.55326e-23
2.63916e-01 1.48120e-22 3.59222e-23
2.64160e-01 1.42147e-22 6.50512e-23
2.64404e-01 7.95010e-23 5.60769e-23
2.64648e-01 -3.01812e-24 2.02228e-23
2.64893e-01 -4.20350e-23 8.81398e-24
2.65137e-01 -1.09512e-23 6.23032e-23
2.65381e-01 3.46291e-23 1.57970e-22
2.65625e-01 3.55665e-24 1.92727e-22
2.65869e-01 -7.83151e-23 1.28037e-22
2.66113e-01 -1.37891e-22 4.82413e-23
2.66357e-01 -1.49866e-22 1.16782e-23
2.66602e-01 -1.03135e-22 4.44581e-23
2.66846e-01 -4.07305e-23 1.12002e-22
2.67090e-01 -4.94802e-23 1.39994e-22
2.67334e-01 -1.17527e-22 6.21217e-23
2.67578e-01 -1.65855e-22 -5.14610e-23
2.67822e-01 -1.38953e-22 -9.02343e-23
2.68066e-01 -5.99102e-23 -4.74789e-23
2.68311e-01 1.63270e-23 1.40769e-23
2.68555e-01 1.30757e-23 2.53070e-23
2.68799e-01 -4.13648e-23 -4.49794e-23
2.69043e-01 -5.61769e-23 -1.57725e-22
2.69287e-01 -1.69413e-23 -1.86713e-22
2.69531e-01 4.72115e-23 -1.29308e-22
2.69775e-01 9.79346e-23 -2.89434e-23
2.70020e-01 1.05465e-22 7.98960e-24
2.70264e-01 4.81954e-23 -6.82961e-23
2.70508e-01 2.95476e-23 -1.52790e-22
2.70752e-01 8.18656e-23 -1.53340e-22
2.70996e-01 1.33105e-22 -7.35282e-23
2.71240e-01 1.53203e-22 3.09177e-23
2.71484e-01 1.16415e-22 7.27379e-23
2.71729e-01 4.18524e-23 1.52864e-23
2.71973e-01 1.04070e-23 -3.53780e-23
2.72217e-01 3.91727e-23 -1.22444e-23
2.72461e-01 7.78207e-23 9.07594e-23
2.72705e-01 7.09276e-23 1.93220e-22
2.72949e-01 3.13574e-23 1.84798e-22
2.73193e-01 -5.70763e-23 1.10830e-22
2.73438e-01 -1.08812e-22 3.48212e-23
2.73682e-01 -7.81759e-23 2.23435e-23
2.73926e-01 -1.53372e-23 9.09336e-23
2.74170e-01 -2.85269e-23 1.69679e-22
2.74414e-01 -8.99117e-23 1.52231e-22
2.74658e-01 -1.38359e-22 5.31238e-23
2.74902e-01 -1.54265e-22 -3.78802e-23
2.75146e-01 -8.59231e-23 -8.02369e-23
2.75391e-01 -9.07794e-24 -4.16037e-23
2.75635e-01 -1.00653e-24 3.94858e-23
2.75879e-01 -8.28543e-23 3.62930e-23
2.76123e-01 -1.42808e-22 -5.48038e-23
2.76367e-01 -8.61348e-23 -1.39795e-22
2.76611e-01 3.57519e-23 -1.70211e-22
2.76855e-01 1.01601e-22 -1.14479e-22
2.77100e-01 8.26519e-23 -3.46947e-23
2.77344e-01 1.46502e-23 -1.70577e-23
2.77588e-01 -3.85472e-23 -7.46032e-23
2.77832e-01 1.46668e-23 -1.65267e-22
2.78076e-01 1.24805e-22 -1.74257e-22
2.78320e-01 1.58774e-22 -8.58969e-23
2.78564e-01 1.08850e-22 4.18208e-24
2.78809e-01 4.37890e-23 3.37318e-23
2.79053e-01 2.55331e-24 4.05893e-25
2.79297e-01 2.93660e-23 -5.81010e-23
2.79541e-01 1.37286e-22 -7.83487e-23
2.79785e-01 1.67650e-22 1.15832e-23
2.80029e-01 7.45434e-23 1.18620e-22
2.80273e-01 -5.43758e-23 1.64884e-22
2.80518e-01 -1.04824e-22 1.26943e-22
2.80762e-01 -6.20500e-23 6.68072e-23
2.81006e-01 4.63930e-23 6.62482e-24
2.81250e-01 7.52158e-23 5.68687e-23
2.81494e-01 -3.98093e-23 1.74110e-22
2.81738e-01 -1.49039e-22 2.10496e-22
2.81982e-01 -1.75156e-22 1.20164e-22
2.82227e-01 -1.06112e-22 2.43685e-23
2.82471e-01 -1.93358e-24 -3.20605e-23
2.82715e-01 3.52659e-23 -5.01717e-24
2.82959e-01 -5.07378e-23 7.99516e-23
2.83203e-01 -1.56296e-22 7.03294e-23
2.83447e-01 -1.55742e-22 -1.27306e-23
2.83691e-01 -4.45460e-23 -7.82529e-23
2.83936e-01 5.69478e-23 -1.09904e-22
2.84180e-01 8.22610e-23 -8.47252e-23
2.84424e-01 -1.44830e-24 -1.17486e-23
2.84668e-01 -1.09331e-22 -2.30577e-23
2.84912e-01 -9.51390e-23 -1.10264e-22
2.85156e-01 4.06496e-23 -1.59715e-22
2.85400e-01 1.42927e-22 -1.43144e-22
2.85645e-01 1.01349e-22 -8.67631e-23
2.85889e-01 1.06897e-23 -2.43944e-23
2.86133e-01 -3.65712e-23 -2.02901e-23
2.86377e-01 3.52794e-23 -9.75369e-23
2.86621e-01 1.57446e-22 -1.39107e-22
2.86865e-01 2.01178e-22 -6.02927e-23
2.87109e-01 1.31453e-22 6.20755e-23
2.87354e-01 -4.70828e-24 1.08300e-22
2.87598e-01 -5.79204e-23 5.48425e-23
2.87842e-01 2.06274e-23 -3.41697e-25
2.88086e-01 1.28176e-22 -9.93676e-25
2.88330e-01 1.48029e-22 5.61693e-23
2.88574e-01 3.81739e-23 1.35856e-22
2.88818e-01 -1.19778e-22 1.92652e-22
2.89062e-01 -1.64212e-22 1.41654e-22
2.89307e-01 -5.61972e-23 6.21767e-23
2.89551e-01 7.22596e-23 1.47771e-24
2.89795e-01 7.51755e-23 2.18457e-23
2.90039e-01 -5.30915e-23 9.01978e-23
2.90283e-01 -2.05566e-22 1.08009e-22
2.90527e-01 -2.18802e-22 4.94011e-23
2.90771e-01 -6.53684e-23 -5.35729e-23
2.91016e-01 1.12725e-22 -9.20416e-23
2.91260e-01 9.50818e-23 -5.16072e-23
2.91504e-01 -8.40755e-23 1.74634e-23
2.91748e-01 -2.24155e-22 2.00567e-23
2.91992e-01 -1.65738e-22 -6.62196e-23
2.92236e-01 2.47768e-23 -1.56549e-22
2.92480e-01 1.55771e-22 -1.60349e-22
2.92725e-01 9.94195e-23 -6.98981e-23
2.92969e-01 -9.81616e-23 1.50564e-23
2.93213e-01 -1.84553e-22 3.00756e-24
2.93457e-01 -6.34792e-23 -9.07020e-23
2.93701e-01 1.41314e-22 -1.50265e-22
2.93945e-01 2.44251e-22 -9.59465e-23
2.94189e-01 1.30535e-22 6.06556e-24
2.94434e-01 -5.59139e-23 8.66793e-23
2.94678e-01 -1.04398e-22 4.26773e-23
2.94922e-01 2.63354e-23 -1.80424e-23
2.95166e-01 1.81912e-22 -3.85447e-23
2.95410e-01 2.10887e-22 -1.82704e-23
2.95654e-01 4.75682e-23 7.48862e-23
2.95898e-01 -1.13658e-22 1.44338e-22
2.96143e-01 -7.68469e-23 1.29445e-22
2.96387e-01 4.85215e-23 4.37838e-23
2.96631e-01 1.30763e-22 -1.15614e-23
2.96875e-01 9.31132e-23 3.81551e-23
2.97119e-01 -6.07192e-23 1.14683e-22
2.97363e-01 -2.14504e-22 1.30110e-22
2.97607e-01 -1.31601e-22 6.74638e-23
2.97852e-01 3.36192e-23 -3.49548e-25
2.98096e-01 9.80298e-23 -4.12238e-23
2.98340e-01 1.71085e-23 -3.20447e-23
2.98584e-01 -1.22022e-22 2.01781e-23
2.98828e-01 -2.04850e-22 4.24540e-23
2.99072e-01 -1.10799e-22 -5.90153e-24
2.99316e-01 6.63147e-23 -8.31408e-23
2.99561e-01 8.47261e-23 -1.07493e-22
2.99805e-01 1.69512e-24 -6.82630e-23
3.00049e-01 -9.36774e-23 -1.89108e-23
3.00293e-01 -1.17388e-22 -2.19033e-23
3.00537e-01 -4.08751e-23 -6.85568e-23
3.00781e-01 1.28572e-22 -1.21054e-22
3.01025e-01 1.74157e-22 -6.70555e-23
3.01270e-01 3.21712e-23 -7.51252e-24
3.01514e-01 -7.73588e-23 -1.87384e-23
3.01758e-01 -6.87606e-23 -2.75349e-23
3.02002e-01 5.26319e-23 -6.03112e-23
3.02246e-01 1.78537e-22 -6.08726e-23
3.02490e-01 1.76559e-22 9.38852e-24
3.02734e-01 1.87684e-23 5.53720e-23
3.02979e-01 -8.53360e-23 5.75296e-23
3.03223e-01 -3.92229e-23 3.87316e-23
3.03467e-01 9.06954e-23 6.68363e-24
3.03711e-01 1.64479e-22 1.41816e-23
3.03955e-01 6.81065e-23 5.73874e-23
3.04199e-01 -1.07970e-22 9.73183e-23
3.04443e-01 -1.61030e-22 7.91974e-23
3.04688e-01 -6.27181e-23 2.38632e-23
3.04932e-01 5.76721e-23 -5.01966e-24
3.05176e-01 1.23355e-22 3.58355e-23
3.05420e-01 1.29546e-23 6.25212e-23
3.05664e-01 -1.58567e-22 7.48270e-23
3.05908e-01 -2.01411e-22 5.64273e-23
3.06152e-01 -6.92977e-23 -9.39868e-24
3.06396e-01 6.13023e-23 -5.44437e-23
3.06641e-01 6.24192e-23 -2.16735e-23
3.06885e-01 -5.81834e-23 2.51904e-23
3.07129e-01 -2.06438e-22 1.81604e-23
3.07373e-01 -1.75664e-22 -9.22872e-24
3.07617e-01 2.21754e-23 -4.58661e-23
3.07861e-01 1.61254e-22 -8.45056e-23
3.08105e-01 1.06038e-22 -5.63124e-23
3.08350e-01 -4.19671e-23 -1.60301e-23
3.08594e-01 -1.51765e-22 -1.69981e-23
3.08838e-01 -1.03847e-22 -6.57987e-23
3.09082e-01 1.08639e-22 -8.41523e-23
3.09326e-01 2.35558e-22 -6.90537e-23
3.09570e-01 1.54246e-22 -2.30090e-23
3.09814e-01 -3.76137e-23 1.30704e-23
3.10059e-01 -1.00027e-22 -2.66355e-24
3.10303e-01 2.67200e-23 -5.15508e-23
3.10547e-01 2.15480e-22 -4.34884e-23
3.10791e-01 2.40004e-22 1.04051e-23
3.11035e-01 6.63954e-23 7.17086e-23
3.11279e-01 -1.18055e-22 9.47839e-23
3.11523e-01 -1.25334e-22 6.05251e-23
3.11768e-01 4.75332e-23 -9.96602e-24
3.12012e-01 1.77704e-22 7.97262e-24
3.12256e-01 1.14949e-22 7.25272e-23
3.12500e-01 -8.32428e-23 8.97217e-23
3.12744e-01 -2.09814e-22 8.51266e-23
3.12988e-01 -1.45456e-22 2.33154e-23
3.13232e-01 3.08765e-23 -4.88827e-23
3.13477e-01 1.18683e-22 -7.14795e-24
3.13721e-01 2.30525e-23 5.58090e-23
3.13965e-01 -1.72063e-22 4.59187e-23
3.14209e-01 -2.40214e-22 2.05488e-23
3.14453e-01 -1.22695e-22 -3.69048e-23
3.14697e-01 5.78416e-23 -8.06183e-23
3.14941e-01 1.07458e-22 -3.11948e-23
3.15186e-01 -1.94994e-23 4.77753e-23
3.15430e-01 -1.91505e-22 1.09805e-23
3.15674e-01 -1.89490e-22 -7.77128e-23
3.15918e-01 -1.32565e-23 -1.15983e-22
3.16162e-01 1.62215e-22 -9.07817e-23
3.16406e-01 1.71727e-22 -3.20236e-23
3.16650e-01 1.12417e-25 1.78831e-23
3.16895e-01 -1.42796e-22 -5.90058e-24
3.17139e-01 -7.86611e-23 -5.13753e-23
3.17383e-01 1.50045e-22 -1.01529e-22
3.17627e-01 2.64848e-22 -7.76741e-23
3.17871e-01 1.76648e-22 3.02995e-23
3.18115e-01 -1.64458e-23 8.16193e-23
3.18359e-01 -1.10714e-22 2.40048e-23
3.18604e-01 1.02329e-23 -1.17163e-23
3.18848e-01 2.01558e-22 -6.86004e-24
3.19092e-01 2.24309e-22 4.55817e-23
3.19336e-01 3.59111e-23 1.03399e-22
3.19580e-01 -1.39094e-22 8.58391e-23
3.19824e-01 -1.51038e-22 3.49618e-23
3.20068e-01 1.04582e-23 2.14311e-23
3.20312e-01 1.74097e-22 3.85462e-23
3.20557e-01 1.01201e-22 6.85331e-23
3.20801e-01 -1.42327e-22 9.95487e-23
3.21045e-01 -2.71825e-22 7.35343e-23
3.21289e-01 -1.74119e-22 1.17859e-23
3.21533e-01 3.62271e-23 -1.17696e-23
3.21777e-01 1.43491e-22 1.11854e-23
3.22021e-01 1.13558e-23 1.38442e-23
3.22266e-01 -2.22908e-22 1.38075e-23
3.22510e-01 -2.77598e-22 -2.93929e-23
3.22754e-01 -8.63194e-23 -6.89623e-23
3.22998e-01 1.46129e-22 -4.95096e-23
3.23242e-01 1.71771e-22 -1.01571e-23
3.23486e-01 -4.54611e-23 -2.98347e-23
3.23730e-01 -2.65740e-22 -7.28907e-23
3.23975e-01 -2.34367e-22 -1.10948e-22
3.24219e-01 6.58298e-23 -9.88845e-23
3.24463e-01 3.16312e-22 -5.13224e-23
3.24707e-01 2.67732e-22 -2.34975e-23
3.24951e-01 -3.97181e-23 -3.84727e-23
3.25195e-01 -2.27487e-22 -7.00833e-23
3.25439e-01 -7.66408e-23 -9.45031e-23
3.25684e-01 2.53351e-22 -6.23484e-23
3.25928e-01 4.01572e-22 3.49332e-23
3.26172e-01 2.00678e-22 7.45350e-23
3.26416e-01 -1.32260e-22 1.29673e-23
3.26660e-01 -1.92890e-22 -4.03415e-23
3.26904e-01 3.61256e-23 -1.65842e-23
3.27148e-01 2.77554e-22 6.89491e-23
3.27393e-01 2.89171e-22 1.41813e-22
3.27637e-01 2.89804e-24 1.36487e-22
3.27881e-01 -3.11356e-22 7.48595e-23
3.28125e-01 -2.65832e-22 2.12606e-23
3.28369e-01 4.86070e-23 1.21749e-23
3.28613e-01 2.13298e-22 8.58885e-23
3.28857e-01 4.70136e-23 1.39697e-22
3.29102e-01 -2.61432e-22 9.04970e-23
3.29346e-01 -4.02537e-22 -4.10710e-24
3.29590e-01 -1.87253e-22 -7.16268e-23
3.29834e-01 1.73447e-22 -6.25042e-23
3.30078e-01 2.17504e-22 1.73252e-23
3.30322e-01 -8.23897e-23 9.28271e-23
3.30566e-01 -3.75371e-22 4.98781e-23
3.30811e-01 -3.20207e-22 -7.56823e-23
3.31055e-01 9.30569e-24 -1.40995e-22
3.31299e-01 2.73824e-22 -7.04281e-23
3.31543e-01 1.75400e-22 3.49078e-23
3.31787e-01 -1.34209e-22 6.66538e-23
3.32031e-01 -2.84615e-22 -4.06109e-23
3.32275e-01 -7.87579e-23 -1.84672e-22
3.32520e-01 2.85519e-22 -2.00643e-22
3.32764e-01 4.27676e-22 -5.64964e-23
3.33008e-01 1.76554e-22 7.69549e-23
3.33252e-01 -1.68174e-22 5.76494e-23
3.33496e-01 -1.45462e-22 -8.06043e-23
3.33740e-01 2.02539e-22 -1.89840e-22
3.33984e-01 4.55855e-22 -1.40517e-22
3.34229e-01 3.21052e-22 3.03582e-23
3.34473e-01 -6.50997e-23 1.47708e-22
3.34717e-01 -2.92607e-22 9.94909e-23
3.34961e-01 -1.04432e-22 -4.06560e-23
3.35205e-01 2.68311e-22 -9.06888e-23
3.35449e-01 3.77350e-22 2.24229e-23
3.35693e-01 5.40919e-23 1.78467e-22
3.35938e-01 -3.25551e-22 2.18084e-22
3.36182e-01 -3.81442e-22 9.78613e-23
3.36426e-01 -6.32138e-23 -5.92206e-23
3.36670e-01 2.34474e-22 -7.24011e-23
3.36914e-01 1.27860e-22 6.95121e-23
3.37158e-01 -2.71748e-22 1.99211e-22
3.37402e-01 -5.09863e-22 1.46268e-22
3.37646e-01 -3.61975e-22 -4.60540e-23
3.37891e-01 9.14188e-24 -1.83111e-22
3.38135e-01 2.28077e-22 -7.07742e-23
3.38379e-01 5.11722e-23 1.01693e-22
3.38623e-01 -3.15071e-22 1.73055e-22
3.38867e-01 -4.18902e-22 7.07427e-23
3.39111e-01 -1.22206e-22 -1.09603e-22
3.39355e-01 2.58769e-22 -2.05571e-22
3.39600e-01 3.31052e-22 -1.00071e-22
3.39844e-01 3.89388e-23 8.90662e-23
3.40088e-01 -2.66338e-22 1.05283e-22
3.40332e-01 -2.57857e-22 -8.89794e-23
3.40576e-01 1.43456e-22 -2.27609e-22
3.40820e-01 5.27068e-22 -2.09511e-22
3.41064e-01 4.24846e-22 -3.75905e-23
3.41309e-01 -6.86529e-24 1.31803e-22
3.41553e-01 -2.56918e-22 8.11760e-23
3.41797e-01 -6.94293e-23 -1.28101e-22
3.42041e-01 3.21294e-22 -2.20760e-22
3.42285e-01 5.11740e-22 -8.75167e-23
3.42529e-01 2.42292e-22 1.36670e-22
3.42773e-01 -2.46491e-22 2.13130e-22
3.43018e-01 -3.74820e-22 1.08325e-22
3.43262e-01 2.60779e-23 -6.68242e-23
3.43506e-01 4.66076e-22 -1.41529e-22
3.43750e-01 3.83549e-22 2.05142e-23
3.43994e-01 -1.25852e-22 2.33951e-22
3.44238e-01 -5.22561e-22 2.63308e-22
3.44482e-01 -3.97150e-22 1.12481e-22
3.44727e-01 7.32004e-23 -1.05877e-22
3.44971e-01 3.56353e-22 -1.15735e-22
3.45215e-01 1.10146e-22 7.65303e-23
3.45459e-01 -4.06865e-22 2.31771e-22
3.45703e-01 -5.94011e-22 1.54832e-22
3.45947e-01 -2.31173e-22 -8.87847e-23
3.46191e-01 2.63042e-22 -2.43546e-22
3.46436e-01 3.83009e-22 -1.33875e-22
3.46680e-01 2.17480e-23 1.08326e-22
3.46924e-01 -4.33217e-22 2.07812e-22
3.47168e-01 -4.71392e-22 4.86783e-23
3.47412e-01 -9.44329e-24 -2.34838e-22
3.47656e-01 4.62780e-22 -3.39293e-22
3.47900e-01 3.75355e-22 -1.43519e-22
3.48145e-01 -1.15058e-22 1.32607e-22
3.48389e-01 -4.33954e-22 1.70461e-22
3.48633e-01 -2.19367e-22 -6.09910e-23
3.48877e-01 3.13963e-22 -3.29245e-22
3.49121e-01 6.42675e-22 -2.93317e-22
3.49365e-01 3.82918e-22 6.05712e-23
3.49609e-01 -1.88132e-22 2.96387e-22
3.49854e-01 -4.07535e-22 2.00404e-22
3.50098e-01 -5.79579e-23 -1.11602e-22
3.50342e-01 4.65958e-22 -2.79756e-22
3.50586e-01 5.49751e-22 -1.38632e-22
3.50830e-01 1.01257e-22 2.01522e-22
3.51074e-01 -4.33547e-22 3.55588e-22
3.51318e-01 -5.03216e-22 1.62781e-22
3.51562e-01 1.16235e-23 -1.94513e-22
3.51807e-01 5.16138e-22 -2.97297e-22
3.52051e-01 4.34342e-22 -1.59026e-23
3.52295e-01 -1.32480e-22 3.23541e-22
3.52539e-01 -5.98751e-22 3.86683e-22
3.52783e-01 -4.99559e-22 1.31521e-22
3.53027e-01 7.00002e-23 -2.00534e-22
3.53271e-01 4.84039e-22 -2.41379e-22
3.53516e-01 2.62116e-22 7.52089e-23
3.53760e-01 -3.31728e-22 3.70478e-22
3.54004e-01 -6.33682e-22 2.85076e-22
3.54248e-01 -3.00148e-22 -5.84211e-23
3.54492e-01 3.34517e-22 -2.75831e-22
3.54736e-01 6.00623e-22 -1.74640e-22
3.54980e-01 2.18179e-22 1.36920e-22
