9316436105861874.0
9816631983512614.0
1.0314813325034672e+16
1.0335887810308922e+16
1.0855293221822224e+16
1.087299261066535e+16
1.1417331739700056e+16
1.143088448906814e+16
1.1999101151738218e+16
1.2011129787495428e+16
1.324431804127602e+16
1.325100359055655e+16
1.38974336262467e+16
1.3901455383512358e+16
1.3902672920315672e+16
1.4579668647714328e+16
1.4579809154939368e+16
1.5286063262518712e+16
1.5284212371109162e+16
1.6788542727625552e+16
1.6784669913537914e+16
1.6778471042648586e+16
1.7587084360892922e+16
1.757891523694078e+16
1.7571762380665878e+16
1.756483438467287e+16
1.8409961877293556e+16
1.8399617991722024e+16
1.924610643284959e+16
1.9237388294045852e+16
2.0162087807352548e+16
2.0152036616230636e+16
2.0144050461882456e+16
2.111394026793943e+16
2.110632847981433e+16
2.1098635199575944e+16
2.314722654228311e+16
2.3142334762496508e+16
2.4261042675407596e+16
2.4257617428208956e+16
2.4255178011216544e+16
2.42526303222158e+16
2.4250173071719724e+16
2.4247735496463876e+16
2.5425637618391496e+16
2.5427651586828284e+16
2.5430687239483824e+16
2.5433918208378012e+16
2.5437763758708548e+16
2.5443607351279424e+16
2.5449432413239492e+16
2.545291356550371e+16
2.545588279496039e+16
2.5458548089986604e+16
2.5458311764775084e+16
2.5459781409411732e+16
2.6700754620114036e+16
2.6710715491135788e+16
2.673357073382592e+16
2.6745719288989164e+16
2.6720270840072744e+16
2.672429508274557e+16
2.665749466885631e+16
2.6618441899327868e+16
2.6563815555092724e+16
2.6517560454019156e+16
2.646586275494825e+16
2.6418638603151052e+16
2.6370732124918384e+16
2.637529699398988e+16
2.6374264903364096e+16
2.6375018243077304e+16
2.6356289862949096e+16
2.631651089828107e+16
2.758101167350183e+16
2.7546993583124976e+16
2.7520428084712668e+16
2.7494403343854836e+16
2.7470165965611292e+16
2.744770639008288e+16
2.742957592146265e+16
2.741179044985153e+16
2.7394611016915452e+16
2.7374766436307612e+16
2.7355206870744516e+16
2.733595235975608e+16
2.7317375731776132e+16
2.730192759279595e+16
2.7292584030065052e+16
2.7286575738377736e+16
2.7278845696078876e+16
2.727225796822031e+16
2.7265124502730656e+16
2.7258196956559228e+16
2.725241309661363e+16
2.7246837569761936e+16
2.724446057872345e+16
2.7242375505258664e+16
2.72422216981791e+16
2.7245094414365976e+16
2.8648381736037332e+16
2.8657060127591516e+16
2.8664286620691056e+16
2.867539544495665e+16
2.8687527877345652e+16
2.8696020922176584e+16
2.870578958063592e+16
2.8712010062102172e+16
2.8715693628197424e+16
2.8721052035818596e+16
2.872811095138468e+16
2.8737825113962188e+16
2.8752018015540096e+16
2.8769017580288224e+16
2.8786333688288236e+16
2.8801399243508764e+16
2.8815543789086284e+16
2.8819643165542096e+16
2.8832336293495956e+16
2.88512556263517e+16
2.8868879144571816e+16
2.8885409757841052e+16
2.8899756298347828e+16
2.8916118431770044e+16
2.893420318617522e+16
2.895322292134284e+16
2.8972994760385292e+16
2.899248442778765e+16
2.9010400656593012e+16
2.9028994846318188e+16
2.9049823343280664e+16
2.9070987754509204e+16
2.909407096135011e+16
2.9119883161311636e+16
2.914683997225564e+16
2.9175215164954708e+16
2.9203396538507496e+16
1.3976544809409064e+16
1.4022465543877796e+16
1.4750033257549398e+16
1.4800108238414708e+16
1.5776936116478368e+16
1.6598739777765904e+16
1.6649688939231712e+16
1.6701537423629936e+16
1.6752234558105938e+16
1.761369025460641e+16
1.7657799450925588e+16
1.769940571021897e+16
1.9789976138883656e+16
1.983453914090514e+16
1.9877198935301228e+16
1.991886036721827e+16
2.0928326413233164e+16
2.0972227869124484e+16
2.1013667553868948e+16
2.1054411752595004e+16
2.2116173310794744e+16
2.2158953975620924e+16
2.220568527514414e+16
2.225293140597125e+16
2.2300569287935736e+16
2.3430460064581668e+16
2.3473868955916148e+16
2.3506729444170388e+16
2.354296267630928e+16
2.3571504083213492e+16
2.4753381612077464e+16
2.479291684323675e+16
2.4829432740511388e+16
2.486696266109613e+16
2.490291860622756e+16
2.4940874392524108e+16
2.619437393438451e+16
2.6234319078502976e+16
2.627306013626714e+16
2.6315922143869e+16
2.6359317971697424e+16
2.640097071671507e+16
2.6440623878692664e+16
2.776762542716532e+16
2.7810227719055016e+16
2.785475698690685e+16
2.7897668201562308e+16
2.793885840730277e+16
2.798219657242828e+16
2.8026106810602212e+16
2.943295478737498e+16
2.9478866764554736e+16
2.9529033752354892e+16
2.9578589605109056e+16
2.9628768884450172e+16
2.9678556273654724e+16
2.9727129590172856e+16
3.12210526277567e+16
3.126982856352101e+16
3.1317565817213932e+16
3.1365723289812096e+16
3.141425645894715e+16
3.146347415361642e+16
3.1513430998779756e+16
3.1563559907256336e+16
3.161028338802432e+16
3.3195409443529376e+16
3.322305214921795e+16
3.3245421724768296e+16
3.327496267949366e+16
3.3296445950501988e+16
3.330774871770813e+16
3.3330408150350572e+16
3.33610475148014e+16
3.3388228443342216e+16
3.3412145223767988e+16
3.505729335568991e+16
3.508100303462802e+16
3.5105015316269716e+16
3.514297339039554e+16
3.518362938586638e+16
3.521494246884592e+16
3.524361466532913e+16
3.5271377109928596e+16
3.530410742735843e+16
3.7062732340668936e+16
3.710202744072788e+16
3.714517248555369e+16
3.718902640895112e+16
3.722959476221847e+16
3.726738186537903e+16
3.73056625598564e+16
3.734518689350399e+16
3.738906984837141e+16
3.743266968324586e+16
3.9297057035596296e+16
3.934007733831065e+16
3.938166666011631e+16
3.9424087550181896e+16
3.94665234241219e+16
3.951370881579259e+16
3.956218245331349e+16
3.960733777393067e+16
3.962813811679748e+16
4.156835380659496e+16
4.158305948110866e+16
4.1594595067734696e+16
4.160715107631614e+16
4.157221633139541e+16
4.152168161539355e+16
4.150301810211058e+16
4.1448406761200904e+16
4.137821093741424e+16
1.3778321402208226e+16
1.3825894995276504e+16
1.3866617093765866e+16
1.3918382063482318e+16
1.4638003966413502e+16
1.4688424255133142e+16
1.5447041217575842e+16
1.5666374617789966e+16
1.6470394870878006e+16
1.6500715258573608e+16
1.653231566409548e+16
1.6553743133938602e+16
1.6600422833136906e+16
1.6633136471687588e+16
1.7454884888435996e+16
1.846567224745345e+16
1.8481876886943116e+16
1.9398865633054676e+16
1.9421559650366668e+16
1.944519251835761e+16
1.945701391776898e+16
1.946686602411984e+16
2.0424587667457456e+16
2.0438879024723692e+16
2.0441566430487264e+16
2.045043114795377e+16
2.1464124961183428e+16
2.146513855295426e+16
2.1458353479421524e+16
2.1475261723364344e+16
2.147326891359774e+16
2.148641294755812e+16
2.1494352626626984e+16
2.1502104717015036e+16
2.1514182461791816e+16
2.1522663449030892e+16
2.257489675108385e+16
2.2578377681050324e+16
2.259154604440691e+16
2.2587934382427372e+16
2.368787199745334e+16
2.368329003011898e+16
2.36828216769099e+16
2.3677922756792732e+16
2.3689018354636732e+16
2.36934839321043e+16
2.369534333274108e+16
2.3692263199226956e+16
2.370055599805296e+16
2.370196377843637e+16
2.370769817731172e+16
2.3719245148173656e+16
2.4887723698971268e+16
2.487436074362992e+16
2.488074042940082e+16
2.4885230444888068e+16
2.4884642950699264e+16
2.489020293933631e+16
2.489322774350555e+16
2.4902166352449476e+16
2.6110956913033516e+16
2.612371763161313e+16
2.6137631786012616e+16
2.6151847854371576e+16
2.6166100793052696e+16
2.6177744941943836e+16
2.618822898514771e+16
2.6186439220893796e+16
2.620342187815829e+16
2.7490946943147436e+16
2.6198011921723116e+16
2.6190237297254228e+16
2.7487594910451024e+16
2.749234825321868e+16
2.7503235688838748e+16
2.7497948641367144e+16
2.751187249840696e+16
2.750689118876232e+16
2.750730948444449e+16
2.7511043517628468e+16
2.751427424333668e+16
2.884246098586754e+16
2.7496965543667868e+16
2.7493508943347028e+16
2.8833866391190356e+16
2.750713165875288e+16
2.8849050734438816e+16
2.885632066940873e+16
2.8859674397277404e+16
2.8860995268604916e+16
2.885329118625932e+16
2.8852431866855588e+16
2.8856911794175e+16
2.886012762410511e+16
2.886831896518135e+16
2.887109118705195e+16
2.888696261353758e+16
3.0300985324927856e+16
3.0312284053687064e+16
2.8914887697266104e+16
3.0328288409233284e+16
3.033301060652379e+16
3.0333177196336692e+16
3.0337856638595064e+16
3.033928782830851e+16
3.0339433749439732e+16
3.03510607348502e+16
3.183044569444133e+16
3.035781380894262e+16
3.0369608132325988e+16
3.1858013980251204e+16
3.0388567868977636e+16
3.1874289692998544e+16
3.1887615394934856e+16
3.189307431078826e+16
3.189978048053625e+16
1.2930101629083942e+16
1.2989826303182018e+16
1.368087578788359e+16
1.3740412009166934e+16
1.4464753687493944e+16
1.6184598976995654e+16
1.6235759036417358e+16
1.6284913070736308e+16
1.7124046855000492e+16
1.7169080599803484e+16
1.721129667347314e+16
1.8088854558849452e+16
1.8130221637719704e+16
1.816786981674105e+16
1.922687361039326e+16
2.019264385555108e+16
2.0223689709933736e+16
2.025215671943814e+16
2.02799925920427e+16
2.129366273436151e+16
2.132168017786757e+16
2.1349783507388864e+16
2.2454170308681564e+16
2.3549014170114164e+16
2.35572885586647e+16
2.356461885501169e+16
2.356780323636408e+16
2.356822978028215e+16
2.4714347819511188e+16
2.471853071178416e+16
2.47227641333391e+16
2.4724008306090904e+16
2.472740438804172e+16
2.593033825789342e+16
2.593072165807616e+16
2.593022135123756e+16
2.592857266667893e+16
2.59280834616375e+16
2.5929358966717456e+16
2.719185928172374e+16
2.719547722640039e+16
2.719868548303638e+16
2.7202183547886572e+16
2.7203261549412788e+16
2.720466859194028e+16
2.7206299643261748e+16
2.853150996283205e+16
2.8536125643937388e+16
2.854098143516034e+16
2.8546466863287384e+16
2.855208833437738e+16
2.855771468063185e+16
2.8563669179113104e+16
2.8569429813530948e+16
2.8575336455079932e+16
2.9970737348309764e+16
2.997806216667238e+16
2.99862224224444e+16
2.9995587905937524e+16
2.9999481852876676e+16
2.998873377517839e+16
2.997976449343399e+16
2.9974341402721412e+16
2.996281483290072e+16
3.1408883024364664e+16
3.139957075357548e+16
3.1392604104283788e+16
3.138541422775482e+16
3.1377559164683484e+16
3.1368785003226076e+16
3.136040408872143e+16
3.13532803690633e+16
3.1347313191251256e+16
3.13418360734735e+16
3.133818488233549e+16
3.285800173717486e+16
3.2854769552565944e+16
3.285091708631093e+16
3.284683277952973e+16
3.2843290069173916e+16
3.2841107723843424e+16
3.283939429983976e+16
3.283664666084314e+16
3.283414333431066e+16
3.2832767831978316e+16
3.2830835602524656e+16
3.4427005303687068e+16
3.4427977023580124e+16
3.442938283400017e+16
3.4430831650906944e+16
3.443234406372475e+16
3.4433050655289604e+16
3.4433911333100016e+16
3.4435480410793424e+16
3.4438294869258652e+16
3.4440766275537196e+16
3.611855327614563e+16
3.612194255484242e+16
3.612562672170538e+16
3.612957828462603e+16
3.6134263576337e+16
3.613847175330968e+16
3.790011261127148e+16
3.790723627354043e+16
3.7914790948533976e+16
3.792169187997186e+16
3.792849988525316e+16
3.793618782948817e+16
3.794369503008349e+16
3.793932774320075e+16
3.789655471468291e+16
3.784994577434018e+16
3.78045655827114e+16
3.775897244167492e+16
3.7715492799245944e+16
3.767122639493343e+16
3.7643487526493976e+16
3.945481986465894e+16
1.0377769569581714e+16
1.0422406058740808e+16
1.0971871619152532e+16
1.10130935699155e+16
1.158648236109817e+16
1.2186716590030204e+16
1.2223499243909276e+16
1.4245090992689954e+16
1.4269100073369352e+16
1.4984596118452452e+16
1.5006075771058034e+16
1.5753492524202406e+16
1.5772025336290632e+16
1.6556555415828094e+16
1.6571451635216844e+16
1.658426890035936e+16
1.8296039607088784e+16
1.9195186281860896e+16
1.9205392052064668e+16
1.9215856840456012e+16
1.922818109461499e+16
2.017447107827621e+16
2.0186033177267896e+16
2.0195234356578236e+16
2.230701532892458e+16
2.340872241414924e+16
2.342728273392564e+16
2.344531660671577e+16
2.460591739357491e+16
2.462401687285241e+16
2.464327784327635e+16
2.5860823742131172e+16
2.5880995541756196e+16
2.590092786163312e+16
2.591863937261291e+16
2.719868793900387e+16
2.7218396204558744e+16
2.723870484618684e+16
2.8585057439099984e+16
2.860731865242292e+16
2.8630240202465376e+16
2.8651963283666148e+16
2.8673699431577336e+16
2.869541644176313e+16
2.87175769260932e+16
3.160605510106185e+16
3.016674967932504e+16
3.019405833556884e+16
3.0218664069628348e+16
3.018832644620512e+16
3.015339018246234e+16
3.010263864736283e+16
3.3073569992841356e+16
3.306242541733875e+16
3.3088324609611428e+16
3.31255708006938e+16
3.311437587691015e+16
3.30920354700604e+16
3.308174740721798e+16
3.3073335837186176e+16
3.3064151687768356e+16
3.3059385171005804e+16
3.3066869270738468e+16
3.3076518696487036e+16
3.3089332604963084e+16
3.310325268986275e+16
3.3119262307175036e+16
3.4747932615571184e+16
3.4766245546359364e+16
3.4785865243304476e+16
3.4804976576793736e+16
3.482633188796976e+16
3.4846898061673776e+16
3.4869668791284452e+16
3.4893419858678064e+16
3.4916469789333184e+16
3.493956790325989e+16
3.4965080900885976e+16
3.4992581614589656e+16
3.5021760293158388e+16
3.5085304111054468e+16
3.5111470405170116e+16
3.684759927342884e+16
3.6876663025700776e+16
3.690719965681501e+16
3.6937647872214424e+16
3.697079714501084e+16
3.7003838353906856e+16
3.703372632749498e+16
3.706523630489441e+16
3.709809323341073e+16
3.71337004234126e+16
3.716946243442973e+16
3.720751596703682e+16
3.724459714393315e+16
3.728238870286575e+16
3.731831887308047e+16
3.73568625337589e+16
3.7397216737481496e+16
3.743822786538023e+16
3.747785394909591e+16
3.7518434095353656e+16
3.7561570686742776e+16
3.753850763013637e+16
3.754496745161502e+16
3.756302358664687e+16
3.758663037453152e+16
3.948174486033576e+16
3.951794189305681e+16
3.955435929268818e+16
3.958358265891484e+16
3.962199588230747e+16
3.965672466997813e+16
3.969113299860883e+16
3.973419058624688e+16
3.977861823066658e+16
3.982040947403783e+16
3.986168975045122e+16
1.069607377379338e+16
1.0743327314512562e+16
1.200730794535449e+16
1.2625188095901492e+16
1.2656569013622658e+16
1.329844011009541e+16
1.3325033543066752e+16
1.3350753320671886e+16
1.4024343507437758e+16
1.4048982831460514e+16
1.407405616619548e+16
1.5603655918083086e+16
1.5624052966274816e+16
1.564408571845081e+16
1.6424882771699028e+16
1.6443566743323976e+16
1.6459993402859936e+16
1.7273354823048064e+16
1.7286330654599774e+16
1.9073825603845664e+16
1.9083689999337016e+16
1.9087839752519656e+16
1.9093405437187452e+16
2.003001820107592e+16
2.0035793771287372e+16
2.004319625655751e+16
2.0051318497920204e+16
2.1028668032356092e+16
2.103135424934623e+16
2.103314864861086e+16
2.103641339731502e+16
2.2063750636652744e+16
2.2069014423676068e+16
2.207434735506082e+16
2.207941359693473e+16
2.2086798373858628e+16
2.2092635707037972e+16
2.3172656374692604e+16
2.318016656310361e+16
2.3188555742484784e+16
2.3195634587849364e+16
2.3203747460687212e+16
2.3213713763758748e+16
2.3220423736074724e+16
2.43558816260956e+16
2.4363294421093704e+16
2.4370126056674492e+16
2.4377506276754016e+16
2.4389604752031132e+16
2.44013349754912e+16
2.5600458227994676e+16
2.5610626373468076e+16
2.5614678208782804e+16
2.562357553608049e+16
2.563739051272484e+16
2.5647933574366492e+16
2.565314912719896e+16
2.564910247576813e+16
2.6903639855406988e+16
2.694347968036595e+16
2.6978103502370172e+16
2.70136208573351e+16
2.7043376393815532e+16
2.7071502881333964e+16
2.709634931404208e+16
2.8495281675063044e+16
2.85473072537486e+16
2.843917374563648e+16
2.991682976715266e+16
2.8572765520067692e+16
2.8612086250289916e+16
3.0049782297127916e+16
3.0099327647181492e+16
3.0147567655763576e+16
3.0197387224534504e+16
3.0247606001453104e+16
3.029488067631603e+16
3.033914837243078e+16
3.1740166452407196e+16
3.1828459546808588e+16
3.1861441483861944e+16
3.190576533447451e+16
3.1948405184679156e+16
3.199729194647249e+16
3.203847568857375e+16
3.2081934421424416e+16
3.2139775947565084e+16
3.217214571278955e+16
3.2228485234004776e+16
3.228912122238064e+16
3.234570862511715e+16
3.3972995266291036e+16
3.4025447776955932e+16
3.4075333120116724e+16
3.4124686454044356e+16
3.4173627907438324e+16
3.4221624392595704e+16
3.426739414097977e+16
3.4313887654251452e+16
3.436136140783718e+16
3.4408540800793732e+16
3.613051881428693e+16
3.617725211696979e+16
3.4543353987115956e+16
3.626898972884892e+16
3.631516260384743e+16
3.636175615442635e+16
3.640826499791162e+16
3.644803672725633e+16
3.649052980019569e+16
3.6527048706432616e+16
3.656409875800663e+16
3.660013630369353e+16
3.667853569125127e+16
3.690615283145678e+16
1.0722942036139914e+16
1.1285357395953446e+16
1.187554395619619e+16
1.1914576680315054e+16
1.2530416539674096e+16
1.3175031993819834e+16
1.320869159406637e+16
1.3880235600268472e+16
1.5366637590640704e+16
1.6134274632731834e+16
1.6152758299426064e+16
1.695622856249947e+16
1.6972470794959468e+16
1.7808991832992712e+16
1.7822625015524042e+16
1.8700814705020136e+16
1.8713361212602132e+16
2.0638428488304296e+16
2.1651842955438124e+16
2.1660755825405804e+16
2.166959172012678e+16
2.2732932829603176e+16
2.2742053913939556e+16
2.386039817545932e+16
2.387357424502313e+16
2.5048048167516692e+16
2.634668173431774e+16
2.636218879887e+16
2.766334373893536e+16
2.7682499519031876e+16
3.0464098748967144e+16
2.7724573328921084e+16
2.774771522105908e+16
2.912287277913182e+16
3.0764531754502264e+16
3.389690750327342e+16
3.393077703239645e+16
3.2362324684782228e+16
3.4005873337070772e+16
3.395618997572018e+16
3.5684637597514196e+16
3.5680507716115424e+16
3.5696467560408624e+16
3.565780748386522e+16
3.5643803264611664e+16
3.5643459496936052e+16
3.564335160626798e+16
3.75136929733304e+16
3.751444039113135e+16
3.7518262400076024e+16
3.753341148795297e+16
3.755262752440741e+16
3.757914565721274e+16
3.761044432518573e+16
3.764648901945808e+16
3.768358335283178e+16
3.976184201867226e+16
3.9819956267007736e+16
3.986814745629561e+16
3.990891837703448e+16
3.995488970880285e+16
4.000163083958943e+16
4.005467815680466e+16
4.011190334585538e+16
4.017682725817505e+16
4.024350776319746e+16
4.257636331381164e+16
4.267236032806533e+16
4.275814525357526e+16
4.284778049720001e+16
4.2962756604420936e+16
4.557600578911312e+16
1.078932665925673e+16
1.081444175285109e+16
1.1363566217352586e+16
1.1386752241111952e+16
1.1960169905852026e+16
1.1981686649078732e+16
1.2002015263762738e+16
1.2603311425004322e+16
1.3293602051295884e+16
1.3951438538943134e+16
1.396416343793963e+16
1.3976435999102756e+16
1.466650345981408e+16
1.4676566484147822e+16
1.4685570403043622e+16
1.540709789756436e+16
1.5415654562601894e+16
1.6198619639317414e+16
1.6202365196231372e+16
1.6993338977788116e+16
1.6997481438223218e+16
1.7002165322466764e+16
1.700677754861988e+16
1.78376235716695e+16
1.7841807086930696e+16
1.9660713152555772e+16
1.966675196398425e+16
1.967347455174179e+16
1.9680918283751084e+16
1.9689331373889308e+16
2.065454177546867e+16
2.066249537838136e+16
2.0670960200674876e+16
2.0677712290730196e+16
2.0685785937378724e+16
2.1699639818070984e+16
2.170760389691446e+16
2.171564791875757e+16
2.1724910869102784e+16
2.1733400829412164e+16
2.1742860496352732e+16
2.2811140277156524e+16
2.2822187857243188e+16
2.283251539652227e+16
2.284434366383804e+16
2.28553897737862e+16
2.286852719541376e+16
2.2881762441924304e+16
2.4008477889249892e+16
2.402323892879153e+16
2.403833464352776e+16
2.4054250165936644e+16
2.407160881907832e+16
2.4089454299481376e+16
2.4105189388433956e+16
2.5294880290893564e+16
2.5314277063026976e+16
2.533404482244426e+16
2.535508265676257e+16
2.5376661873064644e+16
2.663421587434241e+16
2.7952948293492536e+16
2.7973874114540636e+16
2.799402825544087e+16
2.8016040602927256e+16
2.673980338163417e+16
2.6762673290584196e+16
2.677631656467229e+16
2.678281384986141e+16
2.6797379171319556e+16
2.6815614212911724e+16
2.68319818581402e+16
2.685104064032342e+16
2.6872617563848724e+16
2.9574997364082804e+16
2.9601233923368308e+16
2.957853859789349e+16
2.9549804680228572e+16
2.9499365098812156e+16
2.9498460926112068e+16
2.9489621281140236e+16
2.9480819481788844e+16
2.9473360356512028e+16
2.9465389640532692e+16
2.946709753715435e+16
2.946854310720318e+16
2.94799529890096e+16
2.9497221580111292e+16
2.9511873029842216e+16
3.0968925217931092e+16
3.099873387323041e+16
3.101368534433899e+16
3.1021843235133788e+16
3.1038231531463976e+16
3.1057695472315196e+16
3.1081381282939996e+16
3.110291112403788e+16
3.1122899367333264e+16
3.114564834648158e+16
3.116842547796451e+16
3.119485140985315e+16
3.1216822992964868e+16
3.124130997654212e+16
3.125828972317101e+16
3.127780411713974e+16
3.1298186985187172e+16
3.132058804577375e+16
3.287448812823143e+16
3.2906186941202844e+16
3.1410538256777132e+16
3.297180382279932e+16
3.3004106853410496e+16
3.303602802561661e+16
3.3068652058997948e+16
3.310243560503607e+16
3.3139357333963292e+16
3.3176185311517824e+16
3.3212363925597132e+16
3.324929661700623e+16
3.3284008954581596e+16
3.3317546882292524e+16
3.334963945382686e+16
3.3381332361817544e+16
3.3412993158859064e+16
3.344470559898023e+16
3.347624504875984e+16
1.0835289143855472e+16
1.2699644174058812e+16
1.3417722512899644e+16
1.417124983843746e+16
1.4958127171289988e+16
1.577545805286485e+16
1.6627676706870488e+16
2.0452262698591004e+16
2.1527907039655492e+16
1.1137016602025896e+16
1.1721316552396156e+16
1.1763184342166562e+16
1.2376711976806236e+16
1.2415533980917002e+16
1.3055614668293522e+16
1.3091228163693972e+16
1.5265134017528064e+16
1.5295280890837798e+16
1.5324583717357556e+16
1.6096357129696148e+16
1.6122571540145894e+16
1.6149193229722068e+16
1.695929711216337e+16
1.6985557880574246e+16
1.7836051260923032e+16
1.8836681111124076e+16
1.9777141028193636e+16
1.9802631952151868e+16
1.9828396474933084e+16
2.0818601418048036e+16
2.084801782945884e+16
2.0877324423639384e+16
2.090708088982814e+16
2.3219562911484384e+16
2.438495530295764e+16
2.442302399831883e+16
2.4460136956556468e+16
2.449909639825095e+16
2.573138143453025e+16
2.577386216886737e+16
2.581820458443663e+16
2.7121092410190492e+16
2.7169440872765972e+16
2.7218447047137516e+16
2.726815998547845e+16
2.8644764201122744e+16
2.8695640986262756e+16
2.874584153077272e+16
2.8794806921031724e+16
3.0244954993195984e+16
3.0296125334473296e+16
3.034846117179961e+16
3.040914355708891e+16
3.0372948731358724e+16
3.1809660617433812e+16
3.1806984736410864e+16
3.181950423223694e+16
3.1859808881622772e+16
3.190363074872348e+16
3.3450806328106696e+16
3.3459651813752308e+16
3.3473813310263256e+16
3.3490178936218332e+16
3.351168275133208e+16
3.3532407321013908e+16
3.356365106055531e+16
3.3597691517184244e+16
3.363877405192032e+16
3.3674448736642668e+16
3.8874084103907096e+16
3.8916015002014e+16
3.896201425418671e+16
3.547797954538371e+16
3.5528497049354892e+16
3.5574606039130864e+16
3.5620638867776932e+16
3.566938807303276e+16
3.74603324585125e+16
3.752125530397462e+16
3.5900889991595596e+16
3.770826043464532e+16
3.7765435326538216e+16
4.163139830066625e+16
4.169470450857299e+16
4.175801253380305e+16
4.182158782614157e+16
4.1885609082847e+16
4.1946654107502264e+16
4.200971593329294e+16
4.207130075884073e+16
4.213185278316123e+16
4.219045474115838e+16
4.224406278606779e+16
4.229685459317287e+16
4.45213915920253e+16
4.458724709527563e+16
4.464419874891115e+16
4.472385725234097e+16
4.4782601106496376e+16
4.4839380901983464e+16
4.489579206428999e+16
4.495119496733602e+16
4.500215686055911e+16
4.505349156209378e+16
4.510813441505019e+16
4.516461484608413e+16
4.522277187912136e+16
4.528003510682469e+16
4.5338496740864e+16
4.5398978391533e+16
4.546266675041234e+16
4.552902904230774e+16
4.559777868016183e+16
4.566918677704814e+16
4.574135487705779e+16
4.581462448934188e+16
4.588809315256645e+16
4.5963717422301256e+16
4.604085085691226e+16
4.611983720977045e+16
4.61994966617416e+16
4.627852584003861e+16
4.637704100278129e+16
4.891410719001278e+16
4.654295231784025e+16
4.663345793842551e+16
4.9185086533070344e+16
4.928563845666494e+16
4.938570854775581e+16
4.9485661284896056e+16
4.9585386788962216e+16
4.9686120997926744e+16
1.0734059445185418e+16
1.130408560257849e+16
1.1895444581099378e+16
1.2509285833402662e+16
1.314680540931102e+16
1.3810004175483362e+16
1.5991706306877812e+16
1.67757605504716e+16
1.6781887613550198e+16
1.760267243535017e+16
1.7607817689545824e+16
1.7611200033249832e+16
1.8469793669904452e+16
1.8472948618889708e+16
1.9370286475902336e+16
2.031585522595396e+16
2.130581007601626e+16
2.1309967251529504e+16
2.131572269450362e+16
2.2359425803910344e+16
2.2368023849740772e+16
2.2374014374565356e+16
2.3470356324602164e+16
2.5918399814370572e+16
2.594115538895685e+16
2.5963752921385212e+16
2.598919441586772e+16
2.727982105148015e+16
2.730516779651331e+16
2.733224118879191e+16
2.8690326384163344e+16
2.872042709488498e+16
2.875247452432123e+16
2.878505718749257e+16
3.0219534369725556e+16
3.0255675581828676e+16
3.0293353391078132e+16
3.033132745058955e+16
3.0371467095729764e+16
3.1891318353654916e+16
3.193528851077118e+16
3.197822715068128e+16
3.2020643878812784e+16
3.206097832673415e+16
3.210423222082462e+16
3.2147781517097776e+16
3.3806137446945536e+16
3.723022938813376e+16
3.728309618753838e+16
3.3963716364474936e+16
3.3937353922744348e+16
3.3925003226104504e+16
3.3927467494078296e+16
3.394198471911616e+16
3.3975749460137504e+16
3.5637074900683828e+16
3.924143414646495e+16
3.927346273838597e+16
3.9302836270470504e+16
3.5764369086119996e+16
3.5788107043877864e+16
3.755826574328542e+16
3.942037669049443e+16
3.76315007482494e+16
3.7672398878745576e+16
3.77156522161372e+16
3.7763511187960744e+16
4.164426769222133e+16
4.170580471325757e+16
3.798382115432975e+16
3.9892502222991656e+16
4.1890959904751304e+16
4.194738022065054e+16
4.200367784238958e+16
4.212241480106283e+16
4.2183587116754664e+16
4.224590806564527e+16
4.44102154618757e+16
4.448041157863604e+16
4.455560229711982e+16
4.463493459826593e+16
4.4719488562219976e+16
4.480418630266668e+16
4.488694711192519e+16
4.726624491192034e+16
4.734564850936304e+16
4.742267247193011e+16
4.749880936461697e+16
4.757702674577102e+16
4.7658073680555096e+16
4.7745459017640744e+16
4.784025129534228e+16
4.793929025072425e+16
4.804335005456381e+16
4.8151236115551576e+16
4.825623023785754e+16
5.090089119785813e+16
5.101383514775564e+16
5.112782577191773e+16
5.1242396495930136e+16
5.13494615238312e+16
5.146207975403188e+16
5.158849408378847e+16
5.172847041424268e+16
5.186929275713527e+16
5.483967668422146e+16
5.503181151835211e+16
5.544740465684171e+16
1.1929617405896606e+16
1.1942923491313692e+16
1.253354037377388e+16
1.2543310674129706e+16
1.3158685959482276e+16
1.316506428021013e+16
1.3808255902057692e+16
1.5187528573872858e+16
1.5184470894032058e+16
1.5179183655710166e+16
1.590974506918099e+16
1.590470444254408e+16
1.5900124830695964e+16
1.6665806997642894e+16
1.6658247583117148e+16
1.665239808108952e+16
1.82745478027005e+16
1.8268871095740836e+16
1.826428445343414e+16
1.9145909974469284e+16
1.914059257440109e+16
1.9134980888675184e+16
1.9129479384462364e+16
2.0053020950601628e+16
2.0993553543123364e+16
2.099034835107634e+16
2.2007025796259788e+16
2.2004307058024536e+16
2.2003090670295824e+16
2.2002238117401756e+16
2.200173831410231e+16
2.2002903311219908e+16
2.307407988654743e+16
2.3076471842376936e+16
2.3079044044250556e+16
2.308286487097113e+16
2.4209115899128812e+16
2.4214336049679144e+16
2.4219600662862376e+16
2.4225620088121536e+16
2.5409800390518256e+16
2.5416773776080016e+16
2.5424082556840204e+16
2.66682475491957e+16
2.667616957166846e+16
2.6684076244477284e+16
2.6693445958345828e+16
2.6701139090463304e+16
2.6709372242202236e+16
2.671879472647833e+16
2.672831590607759e+16
2.803893666557978e+16
2.805044618756884e+16
2.8062289428251224e+16
2.807613688135009e+16
2.8090487065775132e+16
2.8104745456942304e+16
2.8119901812232696e+16
2.813431041691047e+16
2.814884960219262e+16
2.81638659781489e+16
2.8178648392763972e+16
2.956606345353926e+16
2.9580174999202976e+16
2.959536586257945e+16
2.9611481157533424e+16
2.9628309944247304e+16
2.964547783758263e+16
2.9662164935059336e+16
2.9679053650393444e+16
2.96956027072118e+16
2.97129965812793e+16
2.9731009919800292e+16
2.9748793920948704e+16
2.976650824502738e+16
2.9784308202605396e+16
3.125174242257946e+16
3.1271087301002028e+16
3.1290569815014156e+16
3.1312592268422884e+16
3.1332883295330336e+16
3.135363633294987e+16
3.137411626077913e+16
3.139386307305272e+16
3.141532219223899e+16
3.1433612709281668e+16
3.1453701542669936e+16
3.1473986966263604e+16
3.1494504311475828e+16
3.1514596424951564e+16
3.147961801667637e+16
3.148938859781725e+16
3.149162318875543e+16
3.1471869545089476e+16
3.1476954673696764e+16
3.148243612303866e+16
3.301906017610833e+16
3.3029271418839308e+16
3.3036449561556092e+16
3.3043162186414304e+16
3.3060391036878356e+16
3.3072854563554684e+16
3.308564064390536e+16
3.309711672105074e+16
3.3108464422516136e+16
3.3122150746604016e+16
3.314259906187068e+16
3.3163201518190364e+16
3.3184105990048188e+16
3.3205763849714044e+16
3.322303070469344e+16
3.323940400495571e+16
3.3258369226785356e+16
3.327352763629643e+16
3.3290406538312388e+16
3.3306369088007372e+16
3.3320741780863144e+16
3.333571378172708e+16
3.335176380495826e+16
3.3371109633761236e+16
3.3389987498317748e+16
3.3408476121208556e+16
3.342593958973379e+16
1.2904712082182792e+16
1.3573364809187492e+16
1.4269696014758988e+16
1.4997271838272824e+16
1.502855821812532e+16
1.5786477513198472e+16
1.658029063257246e+16
1.8348037072832776e+16
1.8369840088795772e+16
1.9284840958178116e+16
1.9306099286124616e+16
2.0263870292804548e+16
2.0285818652037156e+16
2.1293893490454224e+16
2.1318892138339108e+16
2.480461637178657e+16
2.4842590966762828e+16
2.6092175045733572e+16
2.6136066931112716e+16
2.6180734639474908e+16
2.7500282441043948e+16
2.7547179118453284e+16
2.759564605626507e+16
2.899079869827642e+16
2.9046245847269788e+16
3.0519763420420736e+16
3.0583149489436316e+16
3.064910128782401e+16
3.220851590139769e+16
3.2275413151549344e+16
3.2342256560613124e+16
3.3989673217364876e+16
3.4064452046184496e+16
3.4141056971066692e+16
3.5885719188362132e+16
3.5971315929907876e+16
3.604659898240635e+16
3.779528415961437e+16
3.77889996857716e+16
3.781718237166613e+16
3.784227146664644e+16
3.972381361676607e+16
3.97764385872717e+16
3.983334227070555e+16
3.9889643499720824e+16
3.995134054507599e+16
4.002727513491836e+16
4.2071506117534696e+16
4.217801193565413e+16
4.229876937163442e+16
4.240726594480459e+16
4.45411333124985e+16
4.944330985283647e+16
4.960798844408223e+16
4.7431587088795944e+16
1061470222034921.9
964298538434124.6
981049082748092.2
1047468102844840.2
1104955079284956.1
1180975980781908.2
1262333425537378.8
1348545894220132.8
1455440674238841.2
1569554158707603.0
1690844183211852.0
1819334058615819.0
1954421793302484.0
2123110029877211.5
2274483485463702.0
2465063945319619.0
2635875307011842.5
2784293037060743.5
2911118668461712.0
3112267529367551.5
3319631707952220.0
3761797807747133.0
3955301525951256.5
4414334138172261.0
4632428597549089.0
4802828477799646.0
5034807371030403.0
5216774088801090.0
5462934697898823.0
5653430308388875.0
5849684211823650.0
6049457025391806.0
6251654710042420.0
6390024081803365.0
6600042849170836.0
6814986815317780.0
6961059291266210.0
7186023321584362.0
7343341811094716.0
7497833902565182.0
7723690086517356.0
7872407258977797.0
8025778516203159.0
8181871636551418.0
8362801950226514.0
8549915630044850.0
8728107686415674.0
8902669862100525.0
9065073770266510.0
9118364688429012.0
9266920672584732.0
9491182059888802.0
9779942036624800.0
9885537022025046.0
9886910007511146.0
9760830763906740.0
9992827448849382.0
1.0200654178264686e+16
1.030475843651923e+16
1.0674065514963818e+16
1.0918237516273364e+16
1.0978867697225082e+16
1.1162627586601234e+16
1.1407792191611488e+16
1.155257962589113e+16
1.1574799115829494e+16
1.1833453051151794e+16
1.2018141703417262e+16
1.2048661760957226e+16
1.2078420366453274e+16
1.2256589723722158e+16
1.2344393749061946e+16
1.2437882678450644e+16
1.2642030901389806e+16
1.2742622368676688e+16
1.2844310355028792e+16
1.2943580746327614e+16
1.3041063059106424e+16
1.3249239764538854e+16
1.3348390227786258e+16
1.3447082731146952e+16
1.3546230281207604e+16
1.3645144354506524e+16
1.374534186911917e+16
1.3846383718809358e+16
1.4044619627499878e+16
1.4146870190576102e+16
1.436439537699342e+16
1.4468181084202914e+16
1.457284445611234e+16
1.4678155801611038e+16
1.4667431913305338e+16
1.4779210761116118e+16
1.4889764059182978e+16
1.4983368118354536e+16
1.5115320730240768e+16
1.5249862587276234e+16
1.538541868611266e+16
1.552633054528564e+16
1.5663380634462584e+16
1.566984521530291e+16
1.583591976709035e+16
1.5976515853999986e+16
1.610671201325597e+16
1.6105325174253222e+16
1.6251482447954044e+16
1.639951373517902e+16
1.6550044961774704e+16
1.6557795436087656e+16
1.6709166300362404e+16
1.686658708744266e+16
1.6870897389278834e+16
1.7026366069471884e+16
1.7184715081730376e+16
1.7197868889697578e+16
1.7362396813608778e+16
1.7515169592944588e+16
1.7522826685426234e+16
1.7688017681067296e+16
1.7696270040963576e+16
1.7862755850890974e+16
1.803198465818813e+16
1.804004107591198e+16
1.8211377721312104e+16
964919276631145.6
936520013217956.5
991501472932612.4
1066112224781547.9
1134005944911149.8
1206843013959648.5
1284335219561173.8
1366237917690101.8
1471801447501381.2
1584460574106524.0
1702363992821003.5
1826731298810309.5
1958034885835153.2
2124600297453410.8
2303112970700389.5
2492599635696117.0
2693386043759497.0
3709748172265455.0
4027292908883981.0
4311145694713864.5
4610265908113074.0
4925821134708596.0
5257285303983064.0
5605576835792275.0
5903647410271472.0
6210460133635458.0
6605769185728214.0
6939256484639270.0
7201000759743673.0
7550229893544675.0
7910415288754654.0
8192269117381847.0
8569275937835607.0
8864094155370123.0
9258234213481114.0
9562243242622042.0
9871824041609754.0
1.019061028071357e+16
1.051558852788871e+16
1.084555527226733e+16
1.1179516533590032e+16
1.1510443398379546e+16
1.1852383992302108e+16
1.2196850422094954e+16
1.2412725966159582e+16
1.2745593098404682e+16
1.2970553281196276e+16
1.3324852936697524e+16
1.355539073644248e+16
1.3927786243616112e+16
1.419704566043047e+16
1.4610777666827508e+16
1.4829975369484838e+16
1.50308727421566e+16
1.5252867298148306e+16
1.5508398064103746e+16
1.578405602338848e+16
1.615720653771828e+16
1.6516638364073452e+16
1.6815089211751306e+16
1.7046708913772788e+16
1.7274432541851596e+16
1.7590231471808764e+16
1.808606643279197e+16
1.866161753867661e+16
1.877242647597006e+16
1.862494312729152e+16
1.890258410941542e+16
1.9237276588386956e+16
1.9418022087946852e+16
1.976452566540164e+16
2.028240664603829e+16
2.0692965290093456e+16
2.104115649074365e+16
2.1051546141888812e+16
2.1251914738167092e+16
2.164160818216716e+16
2.1898160018164704e+16
2.2090707839611416e+16
2.227887876332295e+16
2.248634018976729e+16
2.290904020652666e+16
2.3146771524005812e+16
2.3363657474401396e+16
2.360881080944848e+16
2.3854774439437724e+16
2.4081891046243748e+16
2.433109072322162e+16
2.457717631146656e+16
2.4846195342893132e+16
2.510516525402181e+16
2.5059406021205596e+16
2.531373910081604e+16
2.5570738429233924e+16
2.5891229871339396e+16
2.6304426907939612e+16
2.6935501473700228e+16
2.6974136060362864e+16
2.6660058186011212e+16
2.6938265489360496e+16
2.7218807902409132e+16
2.7237879019211416e+16
2.7522815493844296e+16
2.7811927266966468e+16
2.7830288913365956e+16
2.8123854559778044e+16
2.8422395389186276e+16
2.84967160054051e+16
2.9155972059405184e+16
2.954173406738599e+16
2.9739073388989652e+16
2.9584089077194556e+16
2.9919764740606356e+16
2.9964186548120188e+16
3.0284231862791256e+16
3.06429307952526e+16
3.060573998929296e+16
3.088707306778781e+16
3.0838742090777024e+16
3.111474834242144e+16
3.141162533267194e+16
3.1414752506185532e+16
3.176187182812514e+16
3.1779719101277864e+16
3.2131977091148948e+16
3.2150541637239056e+16
3.2506968141816628e+16
3.252447105362255e+16
3.2888538900522132e+16
3.2904893091427492e+16
3.327346058473312e+16
3.3291106113750876e+16
3.366659312702624e+16
3.3684844410888964e+16
3.4066837166304364e+16
3.4085659734613456e+16
3.4474058782164268e+16
3.4492524206312696e+16
3.4509998244850876e+16
3.490465566840185e+16
3.4922357400285984e+16
3.4939918247467164e+16
3.534099057812356e+16
3.535882772696513e+16
3.5766991692438068e+16
3.578455278866594e+16
3.6199279850639384e+16
3.621639573891679e+16
3.643924558520925e+16
3.691924060853902e+16
971155974706435.1
952726899641290.8
987962022311645.5
1038350640805188.1
1107360582169863.8
1181027887787014.8
1275889403731323.2
1358878825328304.2
1465635245609082.5
1579088158618663.5
1698087308393413.8
1848907148453257.5
2007177358142733.0
2204376682799338.5
2382820344148166.5
2607103979756048.5
2810518962822397.0
3028940477084603.5
3261262441689571.0
3504804436816442.5
4802559059007606.0
5061788069924272.0
5332137269245549.0
5610881422460695.0
5832007842946431.0
6132811554173249.0
6367147783021327.0
6609664691221999.0
6859477955934893.0
7113014162621153.0
7372161698386409.0
7638487895627300.0
7826511099504650.0
8104413945596785.0
8293745047464190.0
8577907589988542.0
8778202880597425.0
9073620098643614.0
9273984811090646.0
9475972775803034.0
9673948418966076.0
9976322859651332.0
1.0179401828209142e+16
1.0381963176775272e+16
1.0587340573988406e+16
1.0793130894436922e+16
1.099803577186063e+16
1.120800861847251e+16
1.1428242773848622e+16
1.1650328813215866e+16
1.18646586153341e+16
1.2077715714887684e+16
1.2178217877914724e+16
1.2392268109905876e+16
1.2601202937841906e+16
1.2690210454861516e+16
1.3124851509606096e+16
1.3361127551062968e+16
1.3500460189775596e+16
1.377460176774889e+16
1.4011898669419404e+16
1.410460617411804e+16
1.4304533516871806e+16
1.4377071467074526e+16
1.457632058428824e+16
1.4652494161963154e+16
1.4836113687244942e+16
1.496469973122138e+16
1.5256605981218682e+16
1.5450555004412328e+16
1.5800693344407896e+16
1.6057939958363702e+16
1.6430067761720522e+16
1.6713052984570428e+16
1.709805212171119e+16
1.7408038986420024e+16
1.7570039173701732e+16
1.7811618627878598e+16
1.7948728911823304e+16
1.8101985543458616e+16
1.8521039826284004e+16
1.8738836358961316e+16
1.8994905063826156e+16
1.901814923381978e+16
1.918043007636506e+16
1.937932205918878e+16
1.951492000753929e+16
1.9540301383075496e+16
1.9476313389466828e+16
1.9843489218133344e+16
2.008502109419398e+16
2.0214230890854104e+16
2.0448815140824976e+16
2.081333975660009e+16
2.1139194155158764e+16
2.1455312714793212e+16
2.1788255214143996e+16
2.2040643478040684e+16
2.2128591669112424e+16
2.2381618713026684e+16
2.2806444056088064e+16
2.2908694610545076e+16
2.282348156121616e+16
2.259507628531205e+16
2.2631194908885428e+16
2.2708621713312644e+16
2.2828699329205264e+16
2.2756828399681196e+16
2.290038114484883e+16
2.3048077858064624e+16
2.2997618154958636e+16
2.3177121518059708e+16
2.3372874199663172e+16
2.3363060624787996e+16
2.3596724801083944e+16
2.38161605499111e+16
2.3834637603757292e+16
2.408178012892734e+16
2.4099658133675756e+16
2.435072099085038e+16
2.4605399961786756e+16
2.4623245430833396e+16
2.4881803382278516e+16
2.514428415263697e+16
2.5161310808594812e+16
2.5426867151930892e+16
2.5444831049765216e+16
2.571429315800781e+16
2.573249295170159e+16
2.6006278235070308e+16
2.6024344886235824e+16
2.6301527722805012e+16
2.6319709264592356e+16
2.6600459788309376e+16
2.6618825468625136e+16
2.6905474105320584e+16
2.692224577177935e+16
2.7213262191379144e+16
2.7231798963242096e+16
2.724981536889915e+16
2.7545291457428024e+16
2.7846463184331744e+16
2.7863621027233188e+16
2.8168649217397284e+16
2.8187198886736424e+16
2.8189023510229932e+16
929736944286774.4
918807452880897.9
974845386767337.1
1047128674504863.9
1124800012735934.6
1206730452362488.5
1292349307785757.5
1402592728215941.0
1520595598228367.5
1645548499919844.8
1804007552949292.2
1946510969232903.0
2128429954377343.0
2322894707049885.5
2566003929465040.0
2829136850988760.5
3066816536990934.5
4082995220000999.0
4455083514603555.5
4852788205725466.0
5277816512362672.0
5726889412925651.0
6123563909940619.0
6623040346179230.0
7067422539451830.0
7532542282485031.0
8021419718923814.0
8529241873217933.0
9061708963552564.0
9506820719276004.0
9960910584312992.0
1.053707681839227e+16
1.1128406859624242e+16
1.1624245544518468e+16
1.2245559566731898e+16
1.2756132498693162e+16
1.3140180662503248e+16
1.3672593966748714e+16
1.4059887349121654e+16
1.4452871491738404e+16
1.4852097246391176e+16
1.5264595993416964e+16
1.5685792465968346e+16
1.610016799905282e+16
1.6520168426249278e+16
1.6943383604933508e+16
1.720715207280283e+16
1.7623511316563984e+16
1.8038746471164696e+16
1.8291747533511988e+16
1.8713687348614256e+16
1.9151925328837484e+16
1.942801053593186e+16
1.9867004780088356e+16
2.0127800298285676e+16
2.0574835369971868e+16
2.1056665883963732e+16
2.137752331595243e+16
2.1675831370682948e+16
2.2162926370445476e+16
2.255666695771429e+16
2.296042858934157e+16
2.3375057854521652e+16
2.380037953155765e+16
2.423764876692841e+16
2.4684522810687772e+16
2.5155380488997588e+16
2.5640962716394664e+16
2.611257349709779e+16
2.6606476982193436e+16
2.7128149552898844e+16
2.7388478959577016e+16
2.7921274062641772e+16
2.847055205057469e+16
2.904389642928726e+16
2.9356760088975596e+16
2.9922064981602664e+16
3.052477204956869e+16
3.0841381313431876e+16
3.146966500043346e+16
3.1804114054175092e+16
3.2476378600587148e+16
3.282292261511656e+16
3.351306120991545e+16
3.38750416548772e+16
3.4586296144178028e+16
3.4958680715213164e+16
3.533699778847021e+16
3.612538867437202e+16
3.6528360367355304e+16
3.693657736475443e+16
3.773740726971681e+16
3.814700124155784e+16
3.9005274196366e+16
3.9434280801632056e+16
3.988402365669514e+16
4.079597857388309e+16
4.1273635167342056e+16
4.223164422460248e+16
4.364909648409795e+16
4.4144383422855064e+16
4.5186044351514056e+16
4.570517318782889e+16
4.678584396207925e+16
4.7316762883126824e+16
4.844871211024221e+16
4.958132104066751e+16
5.138065837859691e+16
973315321405362.9
920783330079580.0
986185458359291.4
1040614519838945.9
1098204579953332.9
1191780484326238.8
1273541256401566.5
1378972276052510.2
1469264773938290.0
1588076301865055.2
1713021502787537.8
1871887060839655.8
2012614146366455.8
2192276887572169.8
2384421948461266.0
2588346546838755.5
2844778582826383.5
4211046389336769.5
4521628258959169.0
4851457928403794.0
5131427730139695.0
5495306112898762.0
5803464994004894.0
6125695941547762.0
6459798991753196.0
6809328344566772.0
7168087556654711.0
7451739235537274.0
7828557240399127.0
8123822075801007.0
8526060303539476.0
8835963117201522.0
9151170369270832.0
9481264124256008.0
9810120689865914.0
1.0144466944829572e+16
1.0495230007684768e+16
1.08444511214964e+16
1.1204928023734732e+16
1.1552376002613456e+16
1.1916055919915666e+16
1.2282168433272774e+16
1.2516044057431056e+16
1.2877051358597586e+16
1.3243339649685082e+16
1.3613157645216184e+16
1.3853576437688992e+16
1.422701374974855e+16
1.4460771285524022e+16
1.4814424231327956e+16
1.5063946759702194e+16
1.5454140340190648e+16
1.5850869125372304e+16
1.6129541392640444e+16
1.6422004905354928e+16
1.685866697812162e+16
1.7153180540326518e+16
1.744879666526556e+16
1.773673452544372e+16
1.8053139982941544e+16
1.8502382635157444e+16
1.8827235694212576e+16
1.9116637675286456e+16
1.938964800059474e+16
1.974409875934664e+16
2.011987561196274e+16
2.058692445042975e+16
2.0984292920463548e+16
2.129133489273049e+16
2.165202260851114e+16
2.206308225750989e+16
2.2504771113768892e+16
2.2739594732574016e+16
2.3163864615612976e+16
2.360952602266145e+16
2.3864372650767064e+16
2.4333180667966716e+16
2.5077217345453936e+16
2.534292814071741e+16
2.5937260567039852e+16
2.6406234316558616e+16
2.6875442573323256e+16
2.6938183183813284e+16
2.749093917942878e+16
2.7788874039637836e+16
2.809077974503777e+16
2.8398432099140132e+16
2.899710480554276e+16
2.9315844183727788e+16
2.9639639498695736e+16
2.9967854688775228e+16
3.0301703162663236e+16
3.0686727159878844e+16
3.1244480046074956e+16
3.155126141402262e+16
3.1792021792260284e+16
3.2397488648266252e+16
3.2791902776731104e+16
3.316799626265061e+16
3.356070083774839e+16
3.392471030956526e+16
3.432462243594398e+16
3.4727235267020948e+16
3.5134297324444384e+16
3.554715481851851e+16
3.5967107755654428e+16
3.639215539521919e+16
3.682245141547013e+16
3.7256863588441064e+16
3.7690608898467064e+16
3.8124927292048616e+16
3.857524472001259e+16
3.90363959823878e+16
3.952785950759908e+16
4.000274182274105e+16
4.047913962316547e+16
4.0963353663272696e+16
4.14585942632703e+16
4.196600581665812e+16
4.247825484586852e+16
4.351708637095483e+16
4.404808353430653e+16
4.459860745662269e+16
4.515566208528607e+16
4.572516355357169e+16
4.630249216575239e+16
4.688239463017803e+16
4.747984012926277e+16
4.749266411957826e+16
4.811158276264174e+16
4.87699174544397e+16
4.890393588902468e+16
4.898252914471684e+16
4.955860816577082e+16
4.977567865431463e+16
5.051539833182037e+16
5.1356302831517896e+16
5.1382813798824136e+16
933864915104334.5
939833493887472.5
969020681522495.0
1039552430517523.2
1115339184134286.4
1195384496014587.2
1279170341124682.2
1387682384917889.8
1503811469263115.5
1627155676114482.8
1758226571961019.2
1924794945401110.5
2074388748246601.2
2263571467074655.5
2500255958833113.0
2718250956128579.0
2991290242353906.0
3280942167361000.0
3592467618805735.0
3926327559107356.5
4284961091886456.0
4669861953044379.0
5079075196713511.0
5447794270125393.0
5907990887089547.0
6314777100271414.0
6739861335905174.0
7098230924533957.0
7563276934134939.0
8044181913587254.0
8445051309212499.0
8962381393999554.0
9389698893723166.0
9824696057703154.0
1.028260439686329e+16
1.0742867711315318e+16
1.1097119363872808e+16
1.145514792670252e+16
1.1815613787553884e+16
1.2184312895711868e+16
1.2555627831957536e+16
1.2795938149234054e+16
1.316946601004549e+16
1.3554131673803974e+16
1.380917488883824e+16
1.4187732684075716e+16
1.4436107034439262e+16
1.4830615894434084e+16
1.508124724973951e+16
1.5468898521144266e+16
1.5727474555636448e+16
1.6006562717172412e+16
1.6414844822749664e+16
1.6669577921585468e+16
1.6929424392633276e+16
1.7345551677645456e+16
1.7606774028905992e+16
1.785986385375441e+16
1.810599126356365e+16
1.83470186433512e+16
1.8596746258932196e+16
1.9007900906723732e+16
1.927564574273976e+16
1.9539705976564044e+16
1.980742074250438e+16
2.0109119279997524e+16
2.0457971944721332e+16
2.0817501245955144e+16
2.1184283703851464e+16
2.1562587636251252e+16
2.1962152279284256e+16
2.2180562915833236e+16
2.2598757439940416e+16
2.2999738211210304e+16
2.32258175909e+16
2.365645245789409e+16
2.386113395641774e+16
2.4310508119905724e+16
2.456295510116853e+16
2.501326140597934e+16
2.523895733504689e+16
2.548186322282859e+16
2.5972017904847676e+16
2.6234835369296576e+16
2.6776395455427948e+16
2.7063288455367864e+16
2.7320021364272564e+16
2.7833549056690844e+16
2.8113206044090624e+16
2.8401703075825324e+16
2.871165594820149e+16
2.9009375320576944e+16
2.959768469762972e+16
2.9925799697454664e+16
3.0260636617068044e+16
3.0580674243548012e+16
3.090731162504294e+16
3.1215131194911e+16
3.1544595690131104e+16
3.1894994889194004e+16
3.22223007255006e+16
3.256712948478448e+16
3.2921237575617668e+16
3.3277380472641732e+16
3.3645464781028164e+16
3.401800482466206e+16
3.439751327050223e+16
3.4780696777099388e+16
3.5169046882355428e+16
3.5561987950577156e+16
3.5963250198280828e+16
3.637372996237193e+16
3.63927341099485e+16
3.682242740661157e+16
3.722969431555282e+16
3.772918220116171e+16
3.823828920449264e+16
3.863723171181793e+16
3.903189285425302e+16
3.942170882458087e+16
3.98812119416035e+16
4.035014572186161e+16
4.035698774929701e+16
4.083025903422159e+16
4.1312255082023e+16
4.230569884176136e+16
4.231690734017988e+16
4.33435843273027e+16
4.38714141062858e+16
4.440992940376469e+16
4.4423799157148376e+16
4.497277040090353e+16
4.553159748206329e+16
4.60973114987026e+16
4.667586601539115e+16
4.6686519807036664e+16
4.785121986569142e+16
4.7847975641083464e+16
4.8433500610145224e+16
4.902367904927492e+16
4.962447681796907e+16
5.0227078538779624e+16
5.083697806947169e+16
5.144866173864551e+16
5.275328299163662e+16
5.340580365354683e+16
5.413078280500469e+16
5.497979860847025e+16
5.582102754099422e+16
5.65040094950976e+16
5.811362898917492e+16
967032877894206.4
923922652203618.4
976576103208613.2
1016584870507207.2
1088438634400902.4
1181427482239692.5
1263480425808012.0
1349225422986106.8
1460078199637553.8
1577908052162029.8
1701027321659602.0
1830860178888711.8
1995794082374572.2
2172400161586302.0
2394320135056555.0
2597673947696032.5
2852718715365142.0
3084263803242290.5
3374882598887216.5
3635601290813705.0
3960996912526980.0
4255183654121997.0
4889468943592244.0
5229747592482889.0
5589232039697016.0
5889537238997139.0
6278308546685232.0
6602838349370423.0
6937651289300629.0
7197549063912175.0
7554953698173620.0
7833402115745910.0
8117303195307887.0
8407471390204579.0
8700583809992767.0
8998732532729949.0
9197390574649018.0
9501928667464366.0
9707682114051154.0
9908657410833838.0
1.1064614536301582e+16
1.1390657661812474e+16
1.16086632006462e+16
1.1825710395310938e+16
1.2031342960869336e+16
1.2124845090033164e+16
1.2338942201503908e+16
1.255529297843006e+16
1.2776823583600094e+16
1.3002286249930316e+16
1.3100719694490114e+16
1.3317989337819576e+16
1.3532033656715108e+16
1.3748383785049964e+16
1.384030290181233e+16
1.4063029344040864e+16
1.415539130694738e+16
1.4371585844574792e+16
1.4585034138013346e+16
1.4675593614209148e+16
1.490133979355394e+16
1.5000958601265286e+16
1.5241519323040962e+16
1.5353357850634204e+16
1.5593121191284996e+16
1.564782217706623e+16
1.5917331939623482e+16
1.6197876758954936e+16
1.6471937972989646e+16
1.665626870743311e+16
1.6895459735100584e+16
1.7308769235644214e+16
1.7393178806745408e+16
1.7513639981046996e+16
1.7612830869068518e+16
1.7764720236568244e+16
1.7930362637594798e+16
1.8222184572643904e+16
1.8508230927084456e+16
1.8610117459115852e+16
1.854398326501347e+16
1.870875845990724e+16
1.8882466854287856e+16
1.9099011121815264e+16
1.9233255479494976e+16
1.9378791009726812e+16
1.9722233202736276e+16
1.9901355348765916e+16
1.9909780280017996e+16
2.0089615327470376e+16
2.034339150298111e+16
2.0661578652409596e+16
2.071791026105785e+16
2.0829151695263348e+16
2.1024156970404684e+16
2.1034697957468016e+16
2.1230141841954812e+16
2.1428127655155124e+16
2.1629499101683132e+16
2.1833194503955896e+16
2.2039551191192204e+16
2.2053622327039908e+16
2.2255533532956284e+16
2.2592652151100692e+16
2.268785221615032e+16
2.299118061088255e+16
2.3325953760098492e+16
2.3351817394183184e+16
2.3537349381898696e+16
2.348187803700878e+16
2.3649138128707964e+16
2.3859849840708464e+16
2.3870527970474372e+16
2.407544279766007e+16
2.405744765499688e+16
2.426461272745568e+16
2.449145491891754e+16
2.4437962274442356e+16
2.4677009280278144e+16
2.4657839849266036e+16
2.4886811615893492e+16
2.5138244442931164e+16
2.516181844112615e+16
2.543336141780448e+16
2.5483310187550244e+16
2.577398418998954e+16
2.5783755908963132e+16
2.5998262481787444e+16
2.5983683677212788e+16
2.6204293705937532e+16
2.6125221518105996e+16
2.6391937872373456e+16
2.6402252460573068e+16
2.6672673470794316e+16
2.6681716208006104e+16
2.6955864591706744e+16
2.6965122989451036e+16
2.72434662208187e+16
2.7253270836371864e+16
2.7262602506591252e+16
2.754527512072352e+16
2.7554805483252e+16
2.7563480591682348e+16
2.785085974364164e+16
2.786071211048251e+16
2.815247333576715e+16
2.8161993485582036e+16
2.8457454562051576e+16
2.8564934052853656e+16
2.8733717030492616e+16
2.887977388712818e+16
